0.831592 0.036185 0.000010 0.000010 0.000010 0.000010 0.000010 0.000010 0.000010 0.000010 0.018431 0.000010 0.000010 0.073366 0.000010 0.000010 0.040275 0.000010 0.000010 0.000010
0.803175 0.042668 0.000010 0.000010 0.000010 0.000010 0.004700 0.000010 0.000010 0.000010 0.000010 0.000010 0.000010 0.102248 0.002321 0.000010 0.044748 0.000010 0.000010 0.000010
0.000010 0.000010 0.372599 0.237334 0.223708 0.000010 0.001459 0.019223 0.015926 0.000010 0.000010 0.106472 0.000010 0.000010 0.000010 0.023161 0.000010 0.000010 0.000010 0.000010
0.011964 0.000010 0.354406 0.257747 0.205188 0.000010 0.000010 0.028430 0.000010 0.000010 0.000010 0.099799 0.000010 0.000010 0.000010 0.040959 0.000010 0.000010 0.000010 0.001388
0.000010 0.052226 0.000010 0.000010 0.000010 0.000010 0.000010 0.000010 0.031446 0.000010 0.000010 0.000010 0.000010 0.000010 0.000010 0.000010 0.916158 0.000010 0.000010 0.000010
0.008989 0.000010 0.000010 0.005247 0.000010 0.118255 0.007710 0.000010 0.000010 0.000010 0.000010 0.000010 0.810627 0.000010 0.000010 0.000010 0.000010 0.024632 0.019049 0.005371
0.001951 0.000010 0.464026 0.000010 0.084487 0.000010 0.001543 0.000010 0.005374 0.000010 0.000010 0.380466 0.000010 0.016599 0.000010 0.032440 0.000010 0.006116 0.000010 0.006898
0.000014 0.000010 0.000010 0.000010 0.000010 0.000010 0.000010 0.000010 0.013885 0.000010 0.000010 0.000010 0.000010 0.000010 0.809760 0.000010 0.176182 0.000010 0.000010 0.000010
0.000010 0.000010 0.000010 0.000010 0.000010 0.000010 0.000010 0.000010 0.000010 0.000010 0.000010 0.000010 0.000010 0.000010 0.000010 0.000010 0.000010 0.000010 0.999810 0.000010
0.000010 0.000010 0.005093 0.003030 0.000010 0.854568 0.000010 0.000010 0.000010 0.075301 0.000010 0.000010 0.012308 0.000010 0.000010 0.000010 0.000010 0.024963 0.006815 0.017804
0.000010 0.000010 0.000010 0.000010 0.000010 0.000010 0.000010 0.000010 0.000010 0.000010 0.000010 0.000010 0.000010 0.000010 0.000010 0.000010 0.000010 0.999810 0.000010 0.000010
0.000010 0.000010 0.000010 0.000010 0.000010 0.000010 0.161976 0.000010 0.000010 0.000010 0.837844 0.000010 0.000010 0.000010 0.000010 0.000010 0.000010 0.000010 0.000010 0.000010
0.999810 0.000010 0.000010 0.000010 0.000010 0.000010 0.000010 0.000010 0.000010 0.000010 0.000010 0.000010 0.000010 0.000010 0.000010 0.000010 0.000010 0.000010 0.000010 0.000010
0.014400 0.000010 0.724422 0.218957 0.000010 0.000010 0.000735 0.000010 0.000010 0.000010 0.000010 0.041337 0.000010 0.000010 0.000010 0.000010 0.000010 0.000010 0.000010 0.000010
0.000010 0.000010 0.000010 0.000010 0.000010 0.089656 0.000010 0.000010 0.000010 0.871427 0.000010 0.000010 0.014330 0.000010 0.000010 0.000010 0.000010 0.024427 0.000010 0.000010
0.006190 0.000010 0.432029 0.000010 0.115798 0.000010 0.000010 0.000010 0.000010 0.000010 0.000010 0.420951 0.002124 0.004576 0.008815 0.000010 0.000010 0.004566 0.004840 0.000010
0.011617 0.000011 0.475221 0.000010 0.074742 0.000010 0.000010 0.000010 0.004651 0.000010 0.000010 0.393205 0.000010 0.032005 0.000010 0.000010 0.000010 0.000010 0.008428 0.000010
0.000010 0.000010 0.405731 0.000010 0.083603 0.000010 0.016605 0.028818 0.008767 0.000010 0.000010 0.456116 0.000010 0.000010 0.000010 0.000229 0.000010 0.000010 0.000010 0.000010
0.003782 0.000010 0.508255 0.000010 0.056030 0.000010 0.003894 0.006300 0.000010 0.000010 0.006418 0.387045 0.000794 0.000010 0.000010 0.019775 0.000010 0.000010 0.007606 0.000010
0.009505 0.000010 0.472003 0.000010 0.082582 0.000010 0.000010 0.000010 0.000010 0.000010 0.012132 0.389207 0.002674 0.000010 0.000010 0.023062 0.000010 0.000396 0.008328 0.000010
0.000010 0.000010 0.410564 0.000010 0.054300 0.000010 0.000010 0.000010 0.000010 0.000010 0.005217 0.450140 0.000010 0.038087 0.000010 0.038742 0.000010 0.000010 0.002821 0.000010
0.010972 0.000010 0.424082 0.000010 0.096223 0.000010 0.000010 0.000010 0.000010 0.000010 0.000914 0.431163 0.001344 0.000010 0.000010 0.031608 0.003004 0.000010 0.000581 0.000010
0.000010 0.000010 0.439107 0.000010 0.109284 0.001607 0.000010 0.000010 0.000010 0.000010 0.009064 0.408266 0.000010 0.000010 0.000010 0.020367 0.000010 0.009596 0.002589 0.000010
0.000010 0.000010 0.474406 0.000010 0.044934 0.000010 0.009858 0.041154 0.000010 0.005864 0.000010 0.400475 0.000010 0.000010 0.000010 0.023179 0.000010 0.000010 0.000010 0.000010
0.000010 0.000010 0.441548 0.000010 0.078250 0.000010 0.009195 0.014200 0.000010 0.000010 0.000010 0.419219 0.000010 0.000010 0.000010 0.035223 0.000010 0.002235 0.000010 0.000010
0.000010 0.000010 0.432032 0.000010 0.069079 0.000010 0.000010 0.000010 0.000010 0.000010 0.000010 0.462326 0.000010 0.000010 0.000010 0.027510 0.000010 0.001686 0.000010 0.007227
0.000010 0.000010 0.383766 0.021687 0.076627 0.000010 0.014821 0.000010 0.000476 0.003574 0.000010 0.462001 0.000010 0.000010 0.000010 0.036928 0.000010 0.000010 0.000010 0.000010
0.000010 0.003484 0.503022 0.000010 0.028681 0.000010 0.005593 0.019159 0.000010 0.000698 0.000010 0.417925 0.000010 0.000010 0.000010 0.015496 0.000010 0.004529 0.001313 0.000010
0.000010 0.000010 0.403995 0.008735 0.087059 0.000010 0.000010 0.000010 0.000010 0.000010 0.000010 0.480023 0.000010 0.013960 0.000010 0.000972 0.000010 0.005125 0.000010 0.000010
0.000010 0.000010 0.434768 0.000010 0.052884 0.000010 0.005292 0.003074 0.000010 0.000010 0.000010 0.436709 0.000010 0.003098 0.000010 0.053531 0.000010 0.000010 0.010525 0.000010
0.000010 0.001342 0.450294 0.000010 0.128956 0.000010 0.000010 0.000010 0.000010 0.000010 0.010485 0.390717 0.000010 0.000010 0.000010 0.013727 0.000010 0.004348 0.000010 0.000010
0.000113 0.000010 0.472253 0.000010 0.120542 0.000010 0.004606 0.000420 0.000010 0.000010 0.000010 0.384145 0.000010 0.001165 0.000010 0.012128 0.004518 0.000010 0.000010 0.000010
0.000365 0.000010 0.427708 0.000010 0.114261 0.000010 0.003817 0.000010 0.008561 0.000010 0.000010 0.444054 0.000010 0.000010 0.000010 0.000010 0.000010 0.001104 0.000010 0.000010
0.008865 0.000010 0.460597 0.000010 0.099475 0.000010 0.003863 0.000010 0.000010 0.000010 0.000010 0.385814 0.000010 0.000010 0.000010 0.041043 0.000010 0.000010 0.000010 0.000212
0.000010 0.000010 0.456177 0.000010 0.097915 0.000010 0.014047 0.010604 0.000010 0.000010 0.000010 0.417642 0.000010 0.000010 0.000010 0.000010 0.003114 0.000010 0.000010 0.000372
0.006071 0.000010 0.414210 0.000010 0.060517 0.000010 0.000010 0.000010 0.000010 0.000010 0.000010 0.475845 0.000010 0.004286 0.000010 0.023267 0.000010 0.015674 0.000010 0.000010
0.000010 0.003893 0.469372 0.000010 0.058692 0.000010 0.020224 0.020842 0.000010 0.000010 0.000010 0.410103 0.000010 0.009068 0.000010 0.000384 0.000010 0.007313 0.000010 0.000010
0.000010 0.000010 0.452410 0.000010 0.092472 0.000010 0.006400 0.000010 0.000010 0.000010 0.000010 0.441999 0.000010 0.000010 0.000010 0.000010 0.000010 0.002102 0.004477 0.000010
0.000010 0.000010 0.465763 0.000010 0.032425 0.000010 0.000010 0.000010 0.000010 0.000010 0.000010 0.464772 0.000010 0.000010 0.008563 0.021801 0.000010 0.000012 0.006534 0.000010
0.000010 0.000010 0.423871 0.000010 0.084909 0.003634 0.000010 0.000010 0.000010 0.000010 0.000010 0.473329 0.000010 0.000010 0.000010 0.012462 0.000010 0.001656 0.000010 0.000010
0.000010 0.000010 0.490158 0.000010 0.047726 0.000010 0.011030 0.016300 0.000010 0.000010 0.002662 0.422711 0.000010 0.000010 0.000010 0.007830 0.000010 0.000010 0.000795 0.000678
0.000010 0.000010 0.456560 0.000010 0.091740 0.000010 0.000010 0.000010 0.000010 0.000010 0.011690 0.411949 0.002278 0.000010 0.000010 0.008635 0.000010 0.013351 0.003676 0.000010
0.008479 0.000010 0.372691 0.000010 0.066531 0.000010 0.006876 0.000010 0.000010 0.010615 0.000010 0.477898 0.004820 0.000010 0.000010 0.051571 0.000010 0.000010 0.000409 0.000010
0.007788 0.000010 0.493486 0.000010 0.030327 0.000010 0.000200 0.008115 0.000010 0.000010 0.003763 0.395294 0.000010 0.010284 0.000010 0.045904 0.000010 0.001124 0.000010 0.003622
0.003637 0.000010 0.502310 0.009109 0.039907 0.000010 0.000010 0.000010 0.003523 0.000010 0.000010 0.367747 0.000010 0.008414 0.000010 0.053400 0.000010 0.000010 0.007694 0.004158
0.001492 0.000010 0.431835 0.020829 0.065529 0.000010 0.000010 0.028759 0.000010 0.003125 0.000010 0.422598 0.000016 0.000010 0.000010 0.025536 0.000010 0.000010 0.000182 0.000010
0.000010 0.000010 0.382120 0.036783 0.042931 0.000010 0.000010 0.000010 0.000010 0.001978 0.000010 0.491773 0.001219 0.000010 0.000010 0.043067 0.000010 0.000010 0.000010 0.000010
0.000010 0.000010 0.475422 0.004971 0.067425 0.000194 0.000010 0.000010 0.006823 0.000010 0.000010 0.394075 0.000010 0.005374 0.000010 0.038985 0.000010 0.000010 0.006620 0.000010
0.000010 0.000010 0.439374 0.000010 0.110670 0.000010 0.009760 0.000010 0.000010 0.000010 0.000010 0.393228 0.000010 0.016824 0.000010 0.020826 0.000010 0.000010 0.009188 0.000010
0.000010 0.000010 0.483554 0.020616 0.064277 0.000010 0.000010 0.023406 0.000010 0.000010 0.000010 0.394642 0.000010 0.000010 0.000010 0.005400 0.000010 0.007976 0.000010 0.000010
0.007884 0.000010 0.480741 0.006789 0.055099 0.000010 0.000010 0.000010 0.000010 0.000010 0.000010 0.397795 0.000012 0.001329 0.000010 0.036056 0.000010 0.011924 0.002272 0.000010
0.001235 0.000010 0.399494 0.000010 0.068797 0.000010 0.006116 0.000010 0.000010 0.000010 0.008517 0.444621 0.005769 0.000010 0.000010 0.055722 0.000010 0.000010 0.009618 0.000010
0.000010 0.000010 0.450077 0.002584 0.062410 0.000010 0.000862 0.015752 0.000010 0.000010 0.002224 0.444270 0.000010 0.000010 0.000010 0.006371 0.000010 0.002410 0.000010 0.012940
0.000010 0.000899 0.415663 0.016022 0.055845 0.000010 0.000010 0.025279 0.000010 0.000010 0.000758 0.458368 0.000010 0.000010 0.000010 0.023423 0.000010 0.000010 0.003634 0.000010
0.000010 0.000010 0.513768 0.002732 0.055011 0.000010 0.000010 0.028048 0.000611 0.000010 0.000010 0.382132 0.003220 0.000010 0.000010 0.014357 0.000010 0.000010 0.000010 0.000010
0.008706 0.002234 0.449749 0.000010 0.074261 0.000010 0.007900 0.000010 0.000010 0.000010 0.006037 0.446354 0.000010 0.000010 0.000010 0.000302 0.000010 0.000010 0.004347 0.000010
0.000010 0.001157 0.434442 0.045536 0.008803 0.005757 0.000307 0.000010 0.000010 0.000010 0.000010 0.428983 0.000010 0.000010 0.000010 0.065845 0.000010 0.000010 0.003715 0.005356
0.009052 0.000010 0.502641 0.000010 0.039472 0.000010 0.000010 0.000010 0.000010 0.000010 0.010169 0.419905 0.000010 0.008157 0.000010 0.005312 0.000010 0.005173 0.000010 0.000010
0.000939 0.000010 0.424383 0.000010 0.092991 0.000010 0.000010 0.010737 0.000010 0.000010 0.000010 0.445097 0.000010 0.000010 0.000010 0.025713 0.000010 0.000010 0.000010 0.000010
0.003984 0.000010 0.458603 0.005638 0.036590 0.000010 0.000010 0.006767 0.000010 0.000010 0.000830 0.432092 0.000010 0.000010 0.000010 0.037186 0.000010 0.006083 0.002783 0.009355
0.002158 0.000010 0.502685 0.011948 0.061960 0.000010 0.000010 0.024231 0.000010 0.000010 0.004050 0.390591 0.000010 0.001512 0.000010 0.000010 0.000010 0.000010 0.000757 0.000010
0.003254 0.000010 0.406045 0.000010 0.110345 0.000010 0.008330 0.007507 0.000010 0.000010 0.000010 0.429527 0.019591 0.000010 0.000010 0.015282 0.000010 0.000010 0.000010 0.000010
0.013150 0.000010 0.426846 0.025688 0.095935 0.000010 0.001238 0.000010 0.000010 0.000010 0.000010 0.429908 0.000010 0.000010 0.000010 0.000010 0.000010 0.000163 0.006951 0.000010
0.000010 0.000349 0.446333 0.001071 0.079211 0.000010 0.000010 0.000010 0.000010 0.000010 0.000010 0.444452 0.000010 0.005571 0.000010 0.012408 0.000010 0.008005 0.000010 0.002490
0.001340 0.000010 0.431419 0.027482 0.000909 0.000010 0.000010 0.015313 0.000010 0.000010 0.000010 0.480557 0.000010 0.000010 0.000010 0.028099 0.011542 0.000010 0.003230 0.000010
0.005009 0.000010 0.417290 0.022902 0.072006 0.000010 0.010453 0.000010 0.000010 0.000010 0.000010 0.413254 0.000010 0.034548 0.000010 0.010417 0.003372 0.000010 0.010649 0.000010
0.017228 0.000010 0.412049 0.000010 0.090353 0.000010 0.000852 0.000010 0.000010 0.000010 0.000010 0.466496 0.006270 0.000010 0.000010 0.005361 0.000010 0.001270 0.000010 0.000010
0.000203 0.000010 0.419142 0.021041 0.090861 0.000010 0.000010 0.000010 0.000010 0.000010 0.000010 0.434537 0.000010 0.011186 0.000010 0.019352 0.002629 0.000940 0.000010 0.000010
0.000010 0.000010 0.413616 0.057811 0.050761 0.000010 0.010417 0.000010 0.000010 0.000010 0.000010 0.459782 0.000010 0.000010 0.000010 0.007473 0.000010 0.000010 0.000010 0.000010
0.012040 0.000010 0.473812 0.011594 0.056793 0.000010 0.013047 0.000010 0.000010 0.000010 0.001019 0.413339 0.000010 0.000010 0.000010 0.018237 0.000010 0.000010 0.000010 0.000010
0.000010 0.000010 0.478180 0.000010 0.066597 0.000010 0.018184 0.029055 0.000010 0.000010 0.000010 0.395513 0.000010 0.000010 0.007231 0.000010 0.003734 0.001386 0.000010 0.000010
0.013518 0.000010 0.417755 0.000010 0.073912 0.000010 0.000010 0.000010 0.000010 0.000010 0.009337 0.446606 0.000010 0.000010 0.000010 0.038732 0.000010 0.000010 0.000010 0.000010
0.007096 0.005684 0.457902 0.000010 0.063257 0.000010 0.001580 0.013877 0.015318 0.000010 0.008743 0.393850 0.000010 0.000010 0.000010 0.032593 0.000010 0.000010 0.000010 0.000010
0.010799 0.000010 0.456287 0.000010 0.105132 0.000010 0.000010 0.000010 0.000010 0.000010 0.000010 0.400587 0.000010 0.000010 0.000010 0.022156 0.003333 0.000010 0.001576 0.000010
0.006650 0.000010 0.410402 0.018112 0.077592 0.000010 0.000010 0.005558 0.000010 0.000010 0.002235 0.444196 0.000010 0.002041 0.000010 0.029168 0.000010 0.000010 0.003947 0.000010
0.000010 0.000010 0.056198 0.000303 0.000010 0.000010 0.000010 0.000010 0.047854 0.000010 0.000010 0.851703 0.000010 0.000010 0.011039 0.032763 0.000010 0.000010 0.000010 0.000010
0.000010 0.029944 0.059802 0.043691 0.000010 0.000010 0.000010 0.000010 0.017775 0.000010 0.005033 0.838700 0.000010 0.000010 0.000010 0.000010 0.003769 0.001167 0.000010 0.000010
0.005624 0.017288 0.146591 0.022382 0.008114 0.000010 0.009142 0.000010 0.005626 0.000010 0.004089 0.747837 0.000010 0.000010 0.000010 0.030578 0.000010 0.000010 0.002639 0.000010
0.000010 0.000333 0.057287 0.030368 0.000012 0.000010 0.000010 0.000010 0.040164 0.000010 0.000010 0.838389 0.000010 0.000010 0.013201 0.000010 0.000010 0.004736 0.015399 0.000010
0.000010 0.010558 0.024810 0.050911 0.000010 0.008840 0.008451 0.000010 0.041019 0.000010 0.000010 0.839012 0.001147 0.000010 0.000010 0.014959 0.000010 0.000010 0.000192 0.000010
0.006860 0.028331 0.061754 0.034332 0.000010 0.000010 0.003211 0.023318 0.009407 0.004502 0.000010 0.827917 0.000010 0.000010 0.000010 0.000010 0.000010 0.000010 0.000010 0.000266
0.000010 0.004383 0.061900 0.039921 0.017559 0.000010 0.003614 0.000010 0.042750 0.000010 0.000010 0.823086 0.000010 0.000010 0.000010 0.000010 0.000010 0.006666 0.000010 0.000010
0.000010 0.000010 0.044487 0.056116 0.000010 0.000010 0.000010 0.000010 0.064827 0.000010 0.002841 0.828437 0.000010 0.000010 0.000010 0.003152 0.000010 0.000010 0.000010 0.000010
0.000010 0.019398 0.115069 0.115064 0.081327 0.000010 0.000010 0.000010 0.024341 0.000010 0.000010 0.630237 0.000010 0.000010 0.000010 0.000010 0.000010 0.000010 0.000010 0.014434
0.000010 0.000010 0.033852 0.013348 0.006401 0.000010 0.000010 0.000010 0.048520 0.000010 0.020709 0.835629 0.000010 0.000010 0.000497 0.033462 0.000010 0.001640 0.005842 0.000010
0.003154 0.000010 0.026712 0.010313 0.048938 0.000010 0.007282 0.012011 0.045417 0.000010 0.002552 0.830083 0.000010 0.000010 0.000010 0.000010 0.007970 0.005478 0.000010 0.000010
0.000010 0.000010 0.029745 0.000010 0.020757 0.000010 0.000010 0.000010 0.046256 0.000010 0.000010 0.856371 0.006020 0.008389 0.008720 0.009702 0.000010 0.011457 0.002484 0.000010
0.010434 0.000010 0.024697 0.058241 0.000010 0.000010 0.000010 0.000010 0.048062 0.000010 0.012192 0.828752 0.010557 0.000010 0.000010 0.006945 0.000010 0.000010 0.000010 0.000010
0.000010 0.000010 0.022020 0.064322 0.000011 0.000010 0.011903 0.000010 0.060303 0.000010 0.000010 0.830301 0.000010 0.000010 0.000010 0.008571 0.000010 0.000010 0.002449 0.000010
0.002433 0.003501 0.093651 0.019481 0.000010 0.000010 0.000010 0.013417 0.027766 0.000010 0.000010 0.828733 0.000010 0.000010 0.000010 0.000936 0.000010 0.000010 0.000010 0.009972
0.009039 0.000010 0.104482 0.040824 0.000010 0.000010 0.009157 0.000010 0.025814 0.000010 0.000011 0.766972 0.000010 0.001257 0.040919 0.000010 0.000010 0.000010 0.001426 0.000010
0.000010 0.000010 0.162290 0.010213 0.038824 0.000010 0.000010 0.000010 0.043151 0.006342 0.000010 0.703275 0.000010 0.000010 0.000010 0.027673 0.001307 0.000010 0.001932 0.004891
0.000010 0.000010 0.450557 0.000010 0.093354 0.000010 0.000904 0.000010 0.000010 0.000010 0.023314 0.386792 0.000010 0.000010 0.000010 0.042159 0.000010 0.000010 0.002790 0.000010
0.007521 0.000010 0.441307 0.000010 0.100226 0.000010 0.000010 0.032072 0.000010 0.000010 0.000010 0.392546 0.000010 0.000010 0.000010 0.021846 0.000010 0.000010 0.000010 0.004351
0.000010 0.000010 0.485633 0.002887 0.065046 0.000010 0.002218 0.000010 0.000010 0.000010 0.000010 0.394263 0.000010 0.000010 0.000010 0.033691 0.000010 0.000010 0.003867 0.012274
0.009546 0.000010 0.458293 0.000010 0.091078 0.000010 0.002345 0.021267 0.000010 0.000010 0.000010 0.389481 0.000010 0.000010 0.000010 0.024390 0.000010 0.000010 0.003480 0.000010
0.000010 0.004841 0.424198 0.019644 0.101944 0.000010 0.000010 0.009929 0.000010 0.000010 0.002139 0.409068 0.000010 0.002503 0.000010 0.015944 0.000010 0.009690 0.000010 0.000010
0.000010 0.000010 0.450412 0.018533 0.059915 0.000010 0.000010 0.000010 0.000010 0.000010 0.000010 0.424877 0.006791 0.000010 0.000010 0.025139 0.000010 0.014202 0.000010 0.000010
0.002723 0.000010 0.453416 0.001884 0.093901 0.000010 0.002515 0.000010 0.000010 0.000010 0.011598 0.400909 0.000010 0.000010 0.000010 0.026378 0.000010 0.000010 0.006566 0.000010
0.001277 0.000010 0.428165 0.043717 0.066474 0.000010 0.009820 0.018312 0.000010 0.000010 0.000010 0.400055 0.000010 0.007155 0.000010 0.024916 0.000010 0.000010 0.000010 0.000010
0.001434 0.001288 0.438242 0.005498 0.058129 0.000010 0.000783 0.015674 0.000010 0.000010 0.000010 0.452839 0.009531 0.000010 0.000010 0.002668 0.000010 0.000010 0.000010 0.013824
0.000010 0.000010 0.435430 0.004241 0.064732 0.000010 0.000135 0.010152 0.000010 0.000010 0.000946 0.455719 0.000010 0.000010 0.000010 0.028526 0.000010 0.000010 0.000010 0.000010
0.006105 0.000010 0.399712 0.018389 0.110421 0.000010 0.000010 0.021221 0.000010 0.000010 0.012467 0.425611 0.003396 0.000010 0.000010 0.001333 0.000010 0.000010 0.001245 0.000010
0.000010 0.000010 0.444663 0.008327 0.051711 0.000010 0.016636 0.011371 0.000010 0.000010 0.000010 0.409648 0.000010 0.000010 0.000010 0.052892 0.000010 0.000010 0.000010 0.004632
0.008476 0.000010 0.447696 0.032348 0.093827 0.000010 0.010175 0.000010 0.000010 0.000010 0.000010 0.373112 0.000010 0.000010 0.000010 0.029269 0.000010 0.004978 0.000010 0.000010
0.000010 0.000010 0.423118 0.029880 0.091962 0.000010 0.002893 0.000010 0.000010 0.000010 0.000010 0.437120 0.000010 0.006878 0.000010 0.000010 0.000010 0.000010 0.008019 0.000010
0.018351 0.000010 0.436773 0.000010 0.087391 0.000010 0.000010 0.000010 0.004696 0.000010 0.000010 0.431290 0.000010 0.000010 0.000010 0.021359 0.000010 0.000010 0.000010 0.000010
0.002869 0.009737 0.476738 0.000010 0.066168 0.000010 0.003149 0.000010 0.000010 0.002645 0.010898 0.418742 0.000010 0.000010 0.000010 0.005360 0.001769 0.000010 0.000010 0.001836
0.000010 0.002343 0.476234 0.036120 0.086854 0.000010 0.000010 0.007540 0.000010 0.000010 0.003011 0.348842 0.000010 0.000010 0.000010 0.037019 0.000010 0.001926 0.000010 0.000010
0.002026 0.000010 0.465938 0.000010 0.116160 0.000010 0.015996 0.007289 0.004255 0.000010 0.000010 0.369706 0.000010 0.000010 0.000019 0.014100 0.000010 0.000010 0.004412 0.000010
0.000494 0.000010 0.459578 0.021620 0.039803 0.000010 0.002723 0.011719 0.000010 0.000010 0.000010 0.414875 0.000010 0.000010 0.000010 0.038472 0.000010 0.000010 0.010605 0.000010
0.004082 0.000010 0.480691 0.024560 0.043633 0.005314 0.000863 0.017281 0.000010 0.000010 0.000010 0.401749 0.000010 0.000010 0.000010 0.012055 0.000010 0.009672 0.000010 0.000010
0.012468 0.000010 0.480283 0.009776 0.060605 0.005650 0.000010 0.000010 0.000010 0.000010 0.005584 0.378311 0.000010 0.000010 0.000010 0.039680 0.000018 0.000010 0.007526 0.000010
0.000010 0.000010 0.440249 0.000010 0.073093 0.000010 0.000010 0.000010 0.000010 0.000010 0.000010 0.430217 0.000010 0.000010 0.000010 0.044879 0.000010 0.000010 0.008356 0.003067
0.001434 0.000010 0.461404 0.000010 0.027323 0.000672 0.000010 0.030550 0.000010 0.000010 0.000010 0.460193 0.000010 0.000010 0.000010 0.014906 0.000010 0.000010 0.000010 0.003399
0.000010 0.000010 0.453814 0.014415 0.083574 0.000010 0.008131 0.015453 0.000010 0.000010 0.000010 0.398027 0.000010 0.000010 0.000010 0.023683 0.000010 0.002786 0.000010 0.000010
0.000199 0.000010 0.497338 0.010141 0.035995 0.000010 0.000010 0.000010 0.000010 0.000010 0.000010 0.413497 0.000010 0.000010 0.006920 0.030331 0.000010 0.000010 0.005460 0.000010
0.000010 0.000010 0.472810 0.000010 0.072571 0.000010 0.002013 0.001176 0.000010 0.000010 0.003161 0.396758 0.000010 0.000010 0.000010 0.047505 0.000010 0.003886 0.000010 0.000010
0.009900 0.000010 0.412019 0.000010 0.097196 0.000010 0.000483 0.000010 0.008068 0.000010 0.000010 0.462528 0.000010 0.000010 0.000010 0.006707 0.000010 0.000010 0.002979 0.000010
0.006449 0.000010 0.481656 0.013052 0.069543 0.000010 0.005002 0.000010 0.001965 0.000010 0.000010 0.400229 0.000010 0.000010 0.000010 0.020594 0.000010 0.000010 0.001400 0.000010
0.000010 0.000010 0.475285 0.018482 0.105170 0.000010 0.004963 0.021220 0.000010 0.000010 0.000010 0.374740 0.000010 0.000010 0.000010 0.000010 0.000010 0.000010 0.000010 0.000010
0.012944 0.000010 0.444200 0.017993 0.038939 0.000010 0.000010 0.000310 0.000010 0.000010 0.000010 0.429544 0.000010 0.018427 0.000010 0.037524 0.000010 0.000010 0.000010 0.000010
0.003604 0.000010 0.496657 0.000010 0.049144 0.000010 0.000010 0.000010 0.000010 0.000010 0.006644 0.405872 0.000010 0.000010 0.000010 0.027664 0.000010 0.005094 0.005201 0.000010
0.000010 0.000010 0.470180 0.000010 0.041296 0.000010 0.000010 0.037758 0.000010 0.000010 0.010430 0.437151 0.000010 0.000010 0.000151 0.000010 0.000010 0.002903 0.000010 0.000010
0.004300 0.000010 0.049015 0.038892 0.025148 0.000010 0.008489 0.000010 0.020644 0.000010 0.000010 0.810063 0.000010 0.000010 0.021455 0.000010 0.000010 0.000010 0.002154 0.019742
0.009813 0.000010 0.012306 0.041337 0.000010 0.000010 0.006571 0.000010 0.050192 0.000010 0.000010 0.878259 0.000010 0.001393 0.000010 0.000010 0.000010 0.000010 0.000010 0.000010
0.000010 0.000010 0.083169 0.019582 0.000948 0.000010 0.000010 0.000010 0.008954 0.000010 0.018792 0.832617 0.000010 0.000010 0.015294 0.020523 0.000010 0.000010 0.000010 0.000010
0.010867 0.002902 0.000010 0.011151 0.000960 0.000010 0.005444 0.000010 0.000010 0.000010 0.000010 0.929606 0.000010 0.005812 0.000010 0.000010 0.026821 0.006328 0.000010 0.000010
0.014882 0.002223 0.136481 0.022813 0.008660 0.003925 0.001674 0.003102 0.026767 0.000010 0.000010 0.779371 0.000010 0.000010 0.000010 0.000010 0.000010 0.000010 0.000010 0.000010
0.000010 0.000010 0.000010 0.013915 0.000010 0.000010 0.006823 0.000010 0.072488 0.000010 0.000010 0.889011 0.006497 0.008624 0.000010 0.000010 0.000010 0.002512 0.000010 0.000010
0.003422 0.000010 0.000010 0.048996 0.016695 0.000010 0.000010 0.000010 0.049911 0.000010 0.000010 0.874320 0.000010 0.004326 0.000010 0.000010 0.000010 0.002201 0.000010 0.000010
0.003646 0.000010 0.160376 0.027935 0.000010 0.000010 0.000010 0.000010 0.007725 0.000010 0.010135 0.738459 0.000010 0.000013 0.041934 0.000010 0.000010 0.000010 0.007091 0.002586
0.000010 0.002867 0.090881 0.057511 0.000010 0.000010 0.000010 0.000010 0.000010 0.000010 0.006277 0.781482 0.000010 0.000010 0.039464 0.021017 0.000010 0.000010 0.000010 0.000382
0.003790 0.002178 0.176643 0.000010 0.053415 0.000010 0.000010 0.000010 0.010349 0.000010 0.000010 0.710061 0.000010 0.002728 0.000010 0.017415 0.018849 0.000010 0.004473 0.000010
0.011812 0.008016 0.011902 0.032078 0.004594 0.000010 0.015912 0.000010 0.016236 0.000010 0.005427 0.866290 0.000010 0.000010 0.007699 0.001061 0.000010 0.000010 0.000010 0.018894
0.003717 0.000010 0.186724 0.000010 0.046028 0.000010 0.011070 0.000010 0.021860 0.000010 0.009316 0.690311 0.000010 0.000010 0.000010 0.014823 0.000010 0.016042 0.000010 0.000010
0.000010 0.000010 0.016398 0.058547 0.000010 0.000010 0.008463 0.000010 0.040137 0.000010 0.000010 0.844986 0.000010 0.000010 0.000010 0.025861 0.000010 0.000010 0.005477 0.000010
0.010696 0.000010 0.092702 0.000010 0.022497 0.000010 0.000010 0.001203 0.065504 0.000010 0.000010 0.806898 0.000010 0.000010 0.000369 0.000010 0.000010 0.000010 0.000010 0.000010
0.004951 0.000010 0.056558 0.014695 0.001302 0.000010 0.000010 0.000010 0.014381 0.000010 0.014180 0.834344 0.000010 0.000010 0.020295 0.034892 0.000010 0.004302 0.000010 0.000010
0.000490 0.015662 0.038960 0.044466 0.000010 0.000010 0.005565 0.000010 0.009936 0.000010 0.000010 0.841192 0.000010 0.000010 0.025637 0.017675 0.000010 0.000010 0.000317 0.000010
0.003835 0.008034 0.010467 0.054322 0.000010 0.005868 0.014134 0.006878 0.000010 0.000010 0.003601 0.859433 0.000010 0.000010 0.000010 0.018307 0.000010 0.001411 0.013630 0.000010
0.000010 0.017309 0.000010 0.025509 0.000010 0.000010 0.000010 0.000010 0.024722 0.000010 0.003114 0.919036 0.000010 0.000010 0.005520 0.004660 0.000010 0.000010 0.000010 0.000010
0.004412 0.003060 0.000010 0.032470 0.005682 0.000010 0.000010 0.005436 0.039594 0.000010 0.003640 0.893552 0.000010 0.000010 0.000010 0.002801 0.000010 0.001134 0.008128 0.000010
0.000479 0.000010 0.000010 0.023481 0.000012 0.000010 0.000010 0.002558 0.049100 0.000010 0.000010 0.908063 0.000010 0.010116 0.006072 0.000010 0.000010 0.000010 0.000010 0.000010
0.006060 0.000010 0.054019 0.017275 0.050906 0.000010 0.000010 0.000010 0.029545 0.000010 0.000010 0.804453 0.000010 0.000010 0.000010 0.004250 0.033372 0.000010 0.000010 0.000010
0.007647 0.000010 0.000010 0.053496 0.000010 0.000010 0.000010 0.000010 0.059981 0.000010 0.000010 0.867718 0.000010 0.000010 0.000010 0.011007 0.000010 0.000010 0.000010 0.000010
0.001420 0.000010 0.000010 0.007932 0.000010 0.000010 0.002035 0.000010 0.027729 0.000010 0.004916 0.935546 0.009154 0.000010 0.000010 0.000010 0.000010 0.007206 0.003952 0.000010
0.000010 0.000010 0.133760 0.000010 0.012966 0.000010 0.003512 0.007718 0.035633 0.008658 0.000370 0.753150 0.004093 0.000010 0.023495 0.016555 0.000010 0.000010 0.000010 0.000010
0.000010 0.000010 0.054571 0.038479 0.027922 0.000010 0.000010 0.002199 0.041505 0.000010 0.000010 0.780718 0.000010 0.000010 0.000010 0.030553 0.023935 0.000010 0.000010 0.000010
0.000010 0.000010 0.060153 0.000010 0.071697 0.000010 0.005381 0.000010 0.016060 0.000010 0.000010 0.805116 0.000010 0.000010 0.030527 0.000010 0.009036 0.000010 0.001909 0.000010
0.000010 0.001956 0.126324 0.009714 0.008593 0.000010 0.000010 0.000010 0.034615 0.000010 0.005756 0.803747 0.000010 0.000010 0.000010 0.000010 0.004214 0.000010 0.003196 0.001784
0.000010 0.000010 0.172185 0.035615 0.009821 0.001823 0.007751 0.000010 0.021448 0.000010 0.000010 0.720771 0.007142 0.000010 0.000010 0.021204 0.000010 0.000010 0.002140 0.000010
0.004941 0.000010 0.135739 0.020612 0.005232 0.000010 0.000010 0.012658 0.047360 0.000010 0.013195 0.729342 0.000010 0.000010 0.000010 0.022223 0.000010 0.000010 0.000010 0.008597
0.003284 0.000010 0.026951 0.023976 0.000010 0.000010 0.000010 0.000010 0.048807 0.000010 0.000010 0.849409 0.000010 0.000010 0.000010 0.040738 0.001418 0.000010 0.005297 0.000010
0.004369 0.000010 0.070893 0.059980 0.003059 0.000010 0.000010 0.000010 0.039567 0.000010 0.008523 0.785603 0.000010 0.000010 0.000010 0.016461 0.000010 0.000010 0.011435 0.000010
0.000010 0.000010 0.059576 0.024306 0.053098 0.000010 0.005726 0.000010 0.017063 0.000010 0.000639 0.819696 0.000010 0.000010 0.019775 0.000010 0.000010 0.000010 0.000010 0.000010
0.002462 0.000010 0.046907 0.018324 0.000010 0.000010 0.012047 0.004971 0.042974 0.000010 0.000010 0.841637 0.003139 0.002760 0.000010 0.016084 0.000010 0.000010 0.000010 0.008605
0.000011 0.000010 0.063939 0.069012 0.021800 0.000010 0.000010 0.000010 0.045355 0.000010 0.011795 0.783780 0.000010 0.000010 0.000010 0.000010 0.001355 0.002842 0.000010 0.000010
0.006108 0.009151 0.065492 0.025078 0.000010 0.000010 0.005679 0.014820 0.024692 0.000010 0.001392 0.838537 0.000010 0.000010 0.000010 0.000010 0.006097 0.000010 0.002864 0.000010
0.013937 0.003885 0.000010 0.039869 0.011046 0.000010 0.001306 0.000010 0.035554 0.000010 0.007452 0.865708 0.000010 0.000010 0.000010 0.000010 0.000010 0.014299 0.001297 0.005555
0.000010 0.000010 0.000010 0.030253 0.000010 0.000010 0.006049 0.012848 0.041398 0.000010 0.000010 0.905030 0.000010 0.000010 0.000010 0.000010 0.000010 0.004281 0.000010 0.000010
0.001001 0.000010 0.000010 0.031204 0.000010 0.000010 0.001730 0.000010 0.047423 0.000010 0.018070 0.894615 0.000010 0.000010 0.005826 0.000010 0.000010 0.000010 0.000010 0.000010
0.000010 0.000010 0.050540 0.002892 0.028272 0.000010 0.000010 0.000010 0.052737 0.000010 0.020807 0.831670 0.000010 0.000010 0.012952 0.000010 0.000010 0.000010 0.000010 0.000010
0.000010 0.000010 0.000010 0.090696 0.000010 0.000010 0.000010 0.000010 0.038145 0.000010 0.003209 0.848802 0.000010 0.013560 0.000010 0.000010 0.000010 0.000010 0.005449 0.000010
0.000010 0.000010 0.107160 0.028966 0.000012 0.007502 0.003202 0.000010 0.025786 0.000875 0.005534 0.809449 0.001363 0.000010 0.000010 0.006579 0.000010 0.000010 0.000560 0.002941
0.000010 0.014244 0.126074 0.037831 0.030344 0.000010 0.006441 0.013668 0.008608 0.000010 0.013986 0.748694 0.000010 0.000010 0.000010 0.000010 0.000010 0.000010 0.000010 0.000010
0.000010 0.000010 0.150420 0.008355 0.000010 0.000010 0.000010 0.020054 0.052718 0.000010 0.000010 0.745613 0.000010 0.000010 0.000010 0.017208 0.000010 0.005501 0.000010 0.000010
0.000010 0.000010 0.093847 0.032284 0.017335 0.000010 0.000161 0.014207 0.035012 0.000010 0.003149 0.788459 0.000010 0.000010 0.000010 0.000187 0.000010 0.000010 0.015258 0.000010
0.003290 0.000010 0.076297 0.062437 0.022110 0.000010 0.013879 0.000010 0.035630 0.000010 0.000010 0.746223 0.000010 0.022244 0.000010 0.015620 0.000010 0.002169 0.000010 0.000010
0.001755 0.000010 0.155590 0.010427 0.014228 0.000010 0.010450 0.000010 0.029704 0.000010 0.004353 0.764779 0.000010 0.000010 0.000010 0.007546 0.000010 0.001068 0.000010 0.000010
0.000650 0.014928 0.085650 0.058066 0.000010 0.000010 0.000010 0.000010 0.018388 0.000010 0.009016 0.806895 0.000010 0.000010 0.002645 0.000010 0.003651 0.000010 0.000010 0.000010
0.000010 0.000010 0.048250 0.044576 0.007234 0.000010 0.010396 0.000010 0.024376 0.000010 0.000010 0.828489 0.000010 0.000010 0.026725 0.000010 0.000010 0.000414 0.000010 0.009429
0.000010 0.021403 0.135707 0.033121 0.018981 0.000010 0.005238 0.000010 0.003967 0.000010 0.006116 0.775342 0.000010 0.000010 0.000010 0.000010 0.000010 0.000015 0.000010 0.000010
0.000010 0.008195 0.053019 0.010327 0.016395 0.000010 0.000010 0.000010 0.025774 0.000010 0.000010 0.876899 0.000010 0.000010 0.000010 0.000010 0.000010 0.000010 0.007467 0.001804
0.002104 0.000010 0.045133 0.060811 0.001646 0.000010 0.000010 0.022679 0.039306 0.000010 0.000010 0.816156 0.000010 0.000010 0.000010 0.006088 0.005211 0.000010 0.000766 0.000010
0.007748 0.000010 0.148506 0.081432 0.033776 0.000010 0.000010 0.000010 0.022523 0.000010 0.008091 0.636803 0.000010 0.000010 0.000010 0.045791 0.000010 0.000010 0.002941 0.012290
0.011712 0.000010 0.016840 0.054200 0.000010 0.000010 0.000010 0.000010 0.034352 0.000010 0.000010 0.855566 0.000010 0.000010 0.000010 0.000010 0.027190 0.000010 0.000010 0.000010
0.004658 0.020859 0.039445 0.014431 0.000010 0.012525 0.004895 0.000010 0.016184 0.000010 0.012750 0.873630 0.000010 0.000010 0.000010 0.000010 0.000010 0.000010 0.000523 0.000010
0.007829 0.000010 0.229281 0.025060 0.000010 0.000010 0.013053 0.001634 0.009936 0.000010 0.000010 0.652425 0.000010 0.000010 0.034863 0.024874 0.000010 0.000945 0.000010 0.000010
0.007446 0.015695 0.079887 0.021479 0.000010 0.001218 0.003397 0.000010 0.037177 0.000010 0.000010 0.833581 0.000010 0.000010 0.000010 0.000010 0.000010 0.000010 0.000010 0.000010
0.001442 0.007800 0.134292 0.009518 0.000010 0.000010 0.000010 0.000010 0.019797 0.000010 0.019691 0.787896 0.000010 0.000010 0.000010 0.007527 0.000010 0.000010 0.000010 0.011929
0.002779 0.000010 0.050489 0.020697 0.000010 0.000010 0.000010 0.010456 0.054603 0.000010 0.000010 0.846686 0.000010 0.000010 0.000010 0.014160 0.000010 0.000010 0.000010 0.000010
0.003373 0.000010 0.209251 0.000012 0.052408 0.000010 0.000010 0.000010 0.000660 0.000010 0.000010 0.697715 0.015098 0.000010 0.010547 0.010825 0.000010 0.000010 0.000010 0.000010
0.000687 0.001704 0.039431 0.056711 0.005501 0.000010 0.013984 0.000010 0.017019 0.000010 0.000010 0.833272 0.000010 0.000010 0.000010 0.000020 0.020807 0.000010 0.010774 0.000010
0.002465 0.000010 0.082422 0.022082 0.000010 0.000010 0.000010 0.000010 0.048267 0.000010 0.000010 0.816584 0.000010 0.000010 0.000010 0.001928 0.021390 0.004742 0.000010 0.000010
0.000010 0.000010 0.123309 0.030739 0.000010 0.000010 0.000010 0.000010 0.040005 0.000010 0.000010 0.775653 0.000010 0.000010 0.000010 0.030143 0.000010 0.000010 0.000010 0.000010
0.000010 0.000010 0.053005 0.017060 0.052231 0.010379 0.000010 0.000010 0.066052 0.000010 0.000017 0.801126 0.000010 0.000010 0.000010 0.000010 0.000010 0.000010 0.000010 0.000010
0.007100 0.018120 0.063351 0.038342 0.011662 0.000010 0.001673 0.000010 0.004835 0.000010 0.008082 0.841441 0.000010 0.000010 0.004171 0.000010 0.000010 0.001134 0.000010 0.000010
0.000010 0.000010 0.000010 0.022251 0.000010 0.000010 0.000010 0.000010 0.013212 0.000010 0.011289 0.919427 0.000010 0.000010 0.027141 0.000010 0.000010 0.000010 0.006540 0.000010
0.008996 0.009096 0.122764 0.000539 0.065927 0.000010 0.002956 0.000010 0.015430 0.000010 0.000010 0.750551 0.000502 0.000010 0.019317 0.000010 0.000010 0.000010 0.003093 0.000749
0.000010 0.000010 0.102754 0.032500 0.011463 0.000010 0.005163 0.001237 0.035856 0.000010 0.000010 0.779333 0.000010 0.008674 0.000010 0.012715 0.000929 0.000010 0.009285 0.000010
0.005027 0.009339 0.000010 0.004292 0.020758 0.000010 0.000010 0.000010 0.034791 0.000010 0.000010 0.896242 0.000010 0.013763 0.000010 0.000010 0.000010 0.006079 0.000010 0.009597
0.001100 0.000010 0.100546 0.014194 0.000010 0.000010 0.000010 0.000010 0.033171 0.000010 0.004500 0.812439 0.000010 0.021774 0.000010 0.007857 0.004309 0.000010 0.000010 0.000010
0.005421 0.000010 0.006090 0.052423 0.036065 0.003827 0.007614 0.000010 0.018927 0.000010 0.000010 0.850501 0.000010 0.000010 0.000010 0.000010 0.019020 0.000010 0.000010 0.000010
0.000010 0.022022 0.000010 0.039981 0.000012 0.000010 0.000010 0.000010 0.008554 0.000010 0.023869 0.883014 0.000010 0.000010 0.002092 0.007042 0.000010 0.013305 0.000010 0.000010
0.000010 0.000010 0.070246 0.024711 0.012811 0.007866 0.000010 0.000010 0.047391 0.000010 0.008017 0.796886 0.000010 0.008378 0.002656 0.019273 0.000010 0.001676 0.000010 0.000010
0.000010 0.000010 0.071972 0.053726 0.000010 0.000010 0.000010 0.000010 0.048745 0.000010 0.003948 0.797615 0.000010 0.000010 0.023854 0.000010 0.000010 0.000010 0.000010 0.000010
0.008196 0.000010 0.000010 0.005424 0.000010 0.000014 0.000010 0.016096 0.039515 0.000010 0.017427 0.913084 0.000010 0.000010 0.000010 0.000010 0.000010 0.000124 0.000010 0.000010
0.000010 0.000010 0.036314 0.032836 0.000010 0.000010 0.011662 0.000010 0.055629 0.000010 0.007234 0.835673 0.000010 0.000010 0.000010 0.020522 0.000010 0.000010 0.000010 0.000010
0.000614 0.000010 0.082544 0.042765 0.038475 0.000010 0.000831 0.000010 0.035396 0.000010 0.003277 0.765371 0.000010 0.000010 0.014117 0.012883 0.000010 0.000010 0.003636 0.000010
0.000010 0.022736 0.122036 0.015545 0.000010 0.000010 0.000010 0.000010 0.034600 0.000010 0.000010 0.801645 0.000010 0.000010 0.000010 0.000017 0.000010 0.000861 0.000010 0.002442
0.000010 0.000010 0.000010 0.055262 0.000010 0.000010 0.001031 0.000010 0.058837 0.000010 0.005929 0.864499 0.000010 0.000010 0.000010 0.001033 0.000010 0.000010 0.013279 0.000010
0.000011 0.000010 0.054999 0.002484 0.006053 0.000010 0.000010 0.000010 0.067898 0.000010 0.003561 0.856088 0.000010 0.000010 0.000010 0.000010 0.000010 0.008786 0.000010 0.000010
0.022295 0.017186 0.125161 0.045519 0.033307 0.000010 0.000010 0.000010 0.025109 0.000010 0.000010 0.730792 0.000510 0.000010 0.000010 0.000010 0.000010 0.000010 0.000010 0.000010
0.000010 0.000010 0.000010 0.066288 0.000010 0.000010 0.036497 0.000010 0.043464 0.000010 0.006598 0.750672 0.000010 0.000010 0.068140 0.000010 0.028211 0.000010 0.000010 0.000010
0.000717 0.000010 0.050408 0.026091 0.000010 0.000010 0.002834 0.025397 0.033923 0.000010 0.000010 0.828481 0.000010 0.000010 0.021973 0.000010 0.000010 0.000010 0.010067 0.000010
0.004096 0.004152 0.040401 0.013138 0.024875 0.001378 0.009015 0.000010 0.000010 0.000010 0.000010 0.847024 0.000010 0.000010 0.000010 0.030741 0.024505 0.000010 0.000584 0.000010
0.000010 0.001891 0.138091 0.051519 0.054040 0.000010 0.000010 0.000010 0.008658 0.000010 0.006756 0.711530 0.003918 0.000010 0.000010 0.001002 0.020788 0.001717 0.000010 0.000010
0.000010 0.000010 0.067090 0.011159 0.000010 0.005719 0.000010 0.000010 0.022268 0.000010 0.000010 0.863453 0.000010 0.025112 0.000010 0.000010 0.005069 0.000010 0.000010 0.000010
0.013564 0.000010 0.013482 0.032974 0.000010 0.001544 0.008867 0.000010 0.059215 0.000010 0.001786 0.868448 0.000010 0.000010 0.000010 0.000010 0.000010 0.000010 0.000010 0.000010
0.010224 0.000010 0.000010 0.032498 0.000010 0.011269 0.000010 0.000010 0.029569 0.000010 0.000010 0.911699 0.000010 0.000010 0.004600 0.000010 0.000010 0.000010 0.000010 0.000010
0.000010 0.013910 0.103326 0.000576 0.000010 0.000010 0.009957 0.031959 0.010920 0.000010 0.000016 0.791216 0.007735 0.000010 0.000010 0.030284 0.000010 0.000010 0.000010 0.000010
0.000032 0.113821 0.000010 0.000010 0.000010 0.000010 0.000010 0.000010 0.002842 0.000010 0.000010 0.000010 0.000010 0.000010 0.530520 0.000010 0.352635 0.000010 0.000010 0.000010
0.001252 0.036671 0.000010 0.000010 0.000010 0.000010 0.006129 0.000010 0.000010 0.000010 0.005159 0.000010 0.000010 0.000010 0.641078 0.000010 0.309572 0.000010 0.000010 0.000010
0.000010 0.000010 0.000010 0.000010 0.000010 0.000010 0.000010 0.000010 0.000010 0.000010 0.002235 0.000010 0.000010 0.000010 0.667017 0.000010 0.327040 0.000010 0.000010 0.003548
0.000221 0.047649 0.000010 0.000010 0.000010 0.000010 0.000010 0.000010 0.000010 0.000010 0.000010 0.000010 0.000010 0.000010 0.551676 0.000010 0.400294 0.000010 0.000010 0.000010
0.009660 0.036736 0.000010 0.000010 0.000010 0.000010 0.006116 0.000010 0.000010 0.000010 0.003838 0.000010 0.000010 0.000010 0.618121 0.000010 0.325389 0.000010 0.000010 0.000010
0.003575 0.032572 0.000010 0.000010 0.000010 0.000010 0.000010 0.000010 0.036186 0.000010 0.000010 0.000010 0.000010 0.000010 0.554562 0.000010 0.372955 0.000010 0.000010 0.000010
0.000010 0.032286 0.000010 0.000010 0.000010 0.000010 0.000010 0.000010 0.000010 0.000010 0.000010 0.000010 0.000010 0.000010 0.608953 0.000010 0.358592 0.000010 0.000010 0.000010
0.000010 0.046909 0.000010 0.000010 0.000010 0.000010 0.000010 0.000010 0.003096 0.000010 0.000010 0.000010 0.000010 0.009576 0.639482 0.000010 0.300787 0.000010 0.000010 0.000010
0.000010 0.067929 0.000010 0.000010 0.000010 0.000010 0.001694 0.000010 0.000010 0.000010 0.000010 0.000010 0.000010 0.000010 0.547358 0.000010 0.382859 0.000010 0.000010 0.000010
0.000162 0.000010 0.000010 0.000010 0.000010 0.000010 0.001807 0.000010 0.000010 0.000010 0.000010 0.000010 0.000010 0.000010 0.658261 0.000010 0.339610 0.000010 0.000010 0.000010
