0.000010 0.038752 0.065800 0.000010 0.833485 0.000010 0.000010 0.000010 0.000010 0.000010 0.018913 0.000010 0.000010 0.042930 0.000010 0.000010 0.000010
0.000010 0.046108 0.096407 0.000010 0.804936 0.000010 0.000010 0.001278 0.000010 0.000010 0.000010 0.000010 0.005103 0.046058 0.000010 0.000010 0.000010
0.000010 0.000010 0.010723 0.374168 0.000010 0.000010 0.025014 0.000010 0.227618 0.000010 0.000010 0.015943 0.001871 0.000010 0.237652 0.000010 0.106920
0.000010 0.000010 0.009231 0.356347 0.013034 0.000010 0.046693 0.000010 0.214036 0.000010 0.000010 0.000850 0.000010 0.000010 0.259023 0.000010 0.100696
0.000010 0.052924 0.000010 0.000010 0.000010 0.000010 0.000010 0.000010 0.000010 0.000010 0.000010 0.030945 0.000010 0.915990 0.000010 0.000010 0.000010
0.135390 0.000010 0.000010 0.000010 0.009269 0.000010 0.000010 0.000010 0.000010 0.015923 0.000010 0.000010 0.008048 0.000010 0.005591 0.825670 0.000010
0.000010 0.000010 0.010862 0.466778 0.003380 0.000010 0.033472 0.000010 0.087562 0.007754 0.000010 0.007588 0.001963 0.000010 0.000010 0.000010 0.380560
0.000010 0.000010 0.000010 0.000010 0.000010 0.000010 0.000010 0.810825 0.000010 0.000010 0.000010 0.014049 0.000010 0.174986 0.000010 0.000010 0.000010
0.000010 0.000010 0.000010 0.000011 0.000010 0.000010 0.000010 0.000010 0.000010 0.999839 0.000010 0.000010 0.000010 0.000010 0.000010 0.000010 0.000010
0.867394 0.000010 0.000010 0.003859 0.000010 0.079798 0.000010 0.000010 0.000010 0.029862 0.000010 0.000010 0.000010 0.000010 0.004358 0.014619 0.000010
0.000010 0.000010 0.000010 0.000010 0.000010 0.000010 0.000010 0.000010 0.000010 0.934819 0.000010 0.000010 0.000010 0.000010 0.000011 0.065031 0.000010
0.000010 0.000010 0.000010 0.000010 0.000010 0.000010 0.000010 0.000010 0.000010 0.000010 0.837062 0.000010 0.162788 0.000010 0.000010 0.000010 0.000010
0.000010 0.000010 0.000010 0.000010 0.999836 0.000012 0.000010 0.000010 0.000010 0.000010 0.000010 0.000010 0.000010 0.000011 0.000010 0.000010 0.000010
0.000010 0.000010 0.000010 0.725969 0.013321 0.000010 0.000010 0.000010 0.000010 0.000010 0.000010 0.000010 0.000471 0.000010 0.219798 0.000010 0.040321
0.101318 0.000010 0.000010 0.000010 0.000010 0.872010 0.000010 0.000010 0.000010 0.002501 0.000010 0.000010 0.000010 0.000010 0.000010 0.024041 0.000010
0.000010 0.000010 0.000010 0.434235 0.006517 0.000010 0.000010 0.010144 0.118600 0.001679 0.000010 0.000010 0.000010 0.000010 0.000010 0.006284 0.422441
0.000010 0.000010 0.026992 0.477719 0.012914 0.000010 0.000010 0.000010 0.079319 0.000118 0.000010 0.008269 0.000010 0.000010 0.000010 0.000010 0.394570
0.000010 0.000010 0.011032 0.408322 0.000010 0.000010 0.004578 0.000010 0.090678 0.000010 0.000010 0.010825 0.017359 0.000010 0.000010 0.000010 0.457107
0.000010 0.000010 0.000010 0.511572 0.004277 0.000010 0.022338 0.000017 0.058086 0.000010 0.007300 0.000010 0.003586 0.000010 0.000010 0.004177 0.388567
0.000010 0.000010 0.000010 0.474501 0.009105 0.000010 0.022946 0.000010 0.084057 0.002188 0.012183 0.000010 0.000010 0.000010 0.000010 0.004854 0.390076
0.000010 0.000010 0.033516 0.413465 0.000010 0.000010 0.040191 0.000010 0.055454 0.000010 0.006190 0.000010 0.000010 0.000010 0.000010 0.000010 0.451074
0.000010 0.000010 0.000010 0.425283 0.010375 0.000010 0.030626 0.000010 0.097796 0.000010 0.001122 0.000010 0.000010 0.002409 0.000010 0.000010 0.432290
0.005807 0.000010 0.000010 0.440973 0.000010 0.000010 0.019737 0.000010 0.111829 0.003108 0.009237 0.000010 0.000010 0.000010 0.000010 0.000010 0.409208
0.000010 0.000010 0.014414 0.477266 0.000010 0.007439 0.029592 0.000010 0.056451 0.000010 0.000010 0.000010 0.011392 0.000010 0.000010 0.000010 0.403346
0.000010 0.000010 0.000010 0.443725 0.000010 0.000010 0.038759 0.000010 0.085703 0.000010 0.000010 0.000010 0.010619 0.000010 0.000010 0.000010 0.421074
0.000010 0.000010 0.000010 0.434452 0.000010 0.000010 0.028117 0.000010 0.069305 0.002124 0.000010 0.000010 0.000010 0.000361 0.000010 0.002173 0.463369
0.000010 0.000010 0.000010 0.385205 0.000010 0.000694 0.036457 0.000010 0.077642 0.000010 0.000010 0.000195 0.014878 0.000010 0.021520 0.000010 0.463318
0.000010 0.005616 0.000010 0.504878 0.000010 0.003911 0.020537 0.000010 0.036921 0.001360 0.000010 0.000010 0.006867 0.000010 0.000010 0.000010 0.419820
0.000010 0.000010 0.011463 0.405482 0.000010 0.000010 0.002149 0.000010 0.086943 0.000010 0.000010 0.000327 0.000010 0.000010 0.011081 0.000010 0.482456
0.000010 0.000010 0.003827 0.438558 0.000010 0.000010 0.054055 0.000010 0.054996 0.004842 0.000010 0.000010 0.006120 0.000010 0.000010 0.000010 0.437502
0.000010 0.000937 0.000010 0.453437 0.000010 0.000010 0.013480 0.000010 0.130017 0.000010 0.010900 0.000010 0.000010 0.000010 0.000010 0.000010 0.391118
0.000010 0.000010 0.000010 0.474094 0.000010 0.000010 0.012051 0.000010 0.121387 0.000010 0.000010 0.000010 0.004471 0.003466 0.000010 0.000010 0.384421
0.000010 0.000010 0.000010 0.428932 0.000010 0.000010 0.000010 0.000010 0.114953 0.000010 0.000010 0.007524 0.003898 0.000010 0.000010 0.000010 0.444573
0.000010 0.000010 0.000010 0.462451 0.007989 0.000010 0.040197 0.000010 0.099271 0.000010 0.000010 0.000010 0.003805 0.000010 0.000010 0.000010 0.386177
0.000010 0.000010 0.000010 0.458305 0.000010 0.000010 0.000010 0.000010 0.104120 0.000010 0.000010 0.000010 0.014208 0.004509 0.000010 0.000010 0.418738
0.000010 0.000010 0.002202 0.417165 0.006752 0.000010 0.024962 0.000010 0.061154 0.009842 0.000010 0.000010 0.000010 0.000010 0.000010 0.000010 0.477824
0.000010 0.007153 0.021362 0.471807 0.000083 0.000010 0.002754 0.000010 0.064549 0.000010 0.000010 0.000010 0.020436 0.000010 0.000010 0.000399 0.411377
0.000010 0.000010 0.000010 0.455015 0.000010 0.000010 0.000010 0.000010 0.092632 0.003370 0.000010 0.000010 0.006304 0.000010 0.000010 0.000010 0.442559
0.000010 0.000010 0.000010 0.469026 0.000010 0.000010 0.020810 0.007932 0.033289 0.002784 0.000010 0.000010 0.000010 0.000010 0.000010 0.000010 0.466050
0.001983 0.000010 0.000010 0.425503 0.000010 0.000010 0.012204 0.000010 0.085019 0.000010 0.000010 0.000010 0.000010 0.000010 0.000010 0.000010 0.475171
0.000010 0.000010 0.000010 0.492776 0.000010 0.000010 0.012822 0.000010 0.053887 0.000010 0.003479 0.000010 0.011800 0.000010 0.000010 0.000010 0.425126
0.000010 0.000010 0.000010 0.459777 0.000010 0.000010 0.009168 0.000010 0.091140 0.011438 0.011873 0.000010 0.000010 0.000010 0.000010 0.003803 0.412702
0.000010 0.000010 0.000010 0.374967 0.008208 0.009350 0.051684 0.000010 0.066811 0.000010 0.000010 0.000010 0.007081 0.000010 0.000010 0.003090 0.478719
0.003334 0.000010 0.011846 0.495961 0.008094 0.000010 0.046831 0.000010 0.033052 0.000210 0.003670 0.000010 0.000960 0.000010 0.000010 0.000010 0.395972
0.000010 0.000010 0.004507 0.505636 0.004178 0.000010 0.053770 0.000018 0.042481 0.007029 0.000010 0.005161 0.000010 0.000010 0.009476 0.000010 0.367675
0.000010 0.000010 0.006238 0.432824 0.003603 0.002907 0.030961 0.000010 0.075150 0.000010 0.000010 0.000010 0.000010 0.000010 0.021729 0.000010 0.426498
0.000010 0.000010 0.000010 0.383944 0.000010 0.000340 0.043365 0.000010 0.042174 0.000010 0.000010 0.000010 0.000010 0.000010 0.037063 0.000018 0.492996
0.003956 0.000010 0.000010 0.477562 0.000010 0.000010 0.040016 0.000010 0.068125 0.000010 0.000010 0.008188 0.000010 0.000010 0.006518 0.000010 0.395534
0.000010 0.000010 0.012237 0.443461 0.000981 0.000010 0.024159 0.000010 0.110993 0.004119 0.000010 0.000010 0.010556 0.000010 0.000010 0.000010 0.393403
0.000010 0.000010 0.013057 0.486240 0.000010 0.000010 0.008714 0.000010 0.071500 0.000957 0.000010 0.000010 0.000010 0.000010 0.022324 0.000010 0.397108
0.000010 0.000010 0.000010 0.483328 0.008454 0.000010 0.036171 0.000010 0.054473 0.008496 0.000010 0.000010 0.000010 0.000010 0.008368 0.001762 0.398857
0.000010 0.000010 0.000010 0.401556 0.001106 0.000010 0.055591 0.000010 0.069440 0.000010 0.007762 0.000010 0.006602 0.000010 0.000010 0.012007 0.445845
0.000010 0.000010 0.000010 0.451994 0.000010 0.000010 0.010734 0.000010 0.071675 0.010867 0.000487 0.000010 0.004350 0.000010 0.003679 0.000010 0.446126
0.000010 0.005450 0.002701 0.417067 0.000568 0.000010 0.028754 0.000010 0.065095 0.000010 0.001551 0.000010 0.000010 0.000010 0.017271 0.000010 0.461464
0.000010 0.000010 0.005923 0.516963 0.000010 0.000010 0.019927 0.000010 0.065258 0.000010 0.000010 0.003341 0.000010 0.000010 0.002497 0.002142 0.383858
0.000010 0.003612 0.000010 0.452133 0.008440 0.000010 0.000123 0.000010 0.074138 0.000010 0.007229 0.000010 0.007082 0.000010 0.000010 0.000010 0.447152
0.011225 0.000805 0.000010 0.436426 0.000010 0.000010 0.065621 0.000010 0.008452 0.000225 0.000010 0.000010 0.001044 0.000010 0.046141 0.000010 0.429980
0.000010 0.000010 0.004266 0.506133 0.009820 0.000010 0.007235 0.000010 0.039745 0.000010 0.011193 0.000010 0.000010 0.000010 0.000010 0.000010 0.421509
0.000010 0.000010 0.000010 0.426527 0.001269 0.000010 0.028280 0.000010 0.096891 0.000010 0.000010 0.000010 0.000010 0.000010 0.000010 0.000010 0.446913
0.002527 0.000010 0.000010 0.460612 0.004269 0.000010 0.039053 0.000010 0.038586 0.013728 0.001759 0.000010 0.000010 0.000010 0.006512 0.000010 0.432874
0.000010 0.000010 0.016816 0.506484 0.001757 0.000010 0.000010 0.000010 0.066215 0.000010 0.004663 0.000010 0.000010 0.000010 0.011569 0.000010 0.392396
0.000010 0.000010 0.000010 0.407716 0.003615 0.000010 0.017034 0.000010 0.114030 0.000010 0.000010 0.000010 0.008855 0.000012 0.000010 0.017187 0.431461
0.000010 0.000010 0.000010 0.428715 0.013301 0.000010 0.000010 0.000010 0.094941 0.000010 0.000010 0.000010 0.002456 0.000010 0.028957 0.000010 0.431520
0.000010 0.002787 0.000010 0.448476 0.000010 0.000010 0.013840 0.000010 0.080900 0.005690 0.000010 0.000010 0.000010 0.000010 0.002711 0.000010 0.445496
0.000010 0.000010 0.000010 0.433162 0.002349 0.000010 0.031967 0.000010 0.006335 0.000010 0.000010 0.000010 0.000010 0.014849 0.028689 0.000010 0.482550
0.000010 0.000010 0.031115 0.418752 0.005664 0.000010 0.011746 0.000010 0.073458 0.003219 0.000010 0.000010 0.010357 0.007252 0.024602 0.000010 0.413765
0.000010 0.000010 0.000010 0.413910 0.016769 0.000010 0.004995 0.000010 0.090534 0.000010 0.000010 0.000010 0.001022 0.000010 0.000010 0.004712 0.467957
0.000010 0.000010 0.005872 0.420188 0.000332 0.000010 0.021151 0.000010 0.092823 0.000010 0.000010 0.000010 0.000010 0.003425 0.021024 0.000010 0.435096
0.000010 0.000010 0.000010 0.415776 0.000010 0.000010 0.006890 0.000010 0.050537 0.000010 0.000010 0.000010 0.009919 0.000010 0.056215 0.000010 0.460553
0.000010 0.000010 0.000010 0.475339 0.011312 0.000010 0.017394 0.000010 0.056426 0.000010 0.000726 0.000010 0.012895 0.000010 0.011063 0.000010 0.414755
0.000010 0.000010 0.004702 0.479700 0.000010 0.000010 0.000010 0.012511 0.081197 0.000010 0.000010 0.000010 0.018709 0.004276 0.000010 0.000010 0.398803
0.000010 0.000010 0.000010 0.419143 0.012732 0.000010 0.038655 0.000010 0.073232 0.000010 0.008566 0.000010 0.000010 0.000010 0.000010 0.000010 0.447561
0.000010 0.007144 0.000010 0.459202 0.007662 0.000010 0.035329 0.000010 0.068805 0.000010 0.009126 0.015121 0.001710 0.000010 0.000010 0.000010 0.395821
0.000010 0.000010 0.000010 0.458108 0.010343 0.000010 0.022488 0.000010 0.104943 0.000010 0.000010 0.000010 0.000010 0.002415 0.000010 0.000010 0.401592
0.000010 0.000010 0.003565 0.413670 0.006772 0.000010 0.030673 0.000010 0.078677 0.000010 0.002737 0.000010 0.000010 0.000010 0.018531 0.000010 0.445286
0.000010 0.000010 0.000010 0.055482 0.000010 0.000010 0.032145 0.009907 0.000010 0.000010 0.000010 0.047431 0.000010 0.000010 0.000058 0.000010 0.854868
0.000010 0.029487 0.000010 0.059197 0.000010 0.000010 0.000010 0.000010 0.000010 0.000010 0.005304 0.017626 0.000010 0.003169 0.044129 0.000010 0.840988
0.000010 0.016921 0.000010 0.147046 0.005413 0.000010 0.029977 0.000010 0.008285 0.000010 0.004105 0.006159 0.009326 0.000010 0.022529 0.000010 0.750169
0.000010 0.000010 0.000010 0.058142 0.000010 0.000010 0.000010 0.013408 0.000010 0.013487 0.000010 0.040998 0.000010 0.000010 0.031598 0.000010 0.842257
0.007609 0.010094 0.000010 0.023806 0.000010 0.000010 0.014152 0.000010 0.000015 0.000010 0.000010 0.041460 0.008432 0.000010 0.052165 0.000010 0.842188
0.000010 0.029606 0.012886 0.063625 0.007354 0.003161 0.000010 0.000010 0.004308 0.000010 0.000041 0.009006 0.003860 0.000010 0.034363 0.000010 0.831730
0.001888 0.005287 0.000010 0.061425 0.000010 0.000010 0.000010 0.000010 0.018687 0.000010 0.000010 0.042129 0.003913 0.000010 0.040537 0.000010 0.826043
0.000010 0.000010 0.000010 0.044317 0.000010 0.000010 0.002486 0.000010 0.000010 0.000010 0.002622 0.063863 0.000010 0.000010 0.055503 0.000010 0.831098
0.000010 0.019771 0.000010 0.114718 0.000010 0.006619 0.000010 0.000010 0.083030 0.002059 0.000010 0.024654 0.000010 0.000010 0.116054 0.000010 0.633006
0.000010 0.000010 0.000010 0.034419 0.000010 0.000010 0.033255 0.001681 0.005962 0.003955 0.020848 0.047756 0.000010 0.000010 0.013812 0.000010 0.838232
0.000010 0.000010 0.000010 0.026618 0.003960 0.000010 0.000010 0.000010 0.055210 0.002889 0.003044 0.046312 0.007671 0.009565 0.010862 0.000010 0.833799
0.000010 0.000010 0.002547 0.030296 0.000401 0.000010 0.011796 0.009639 0.020646 0.011052 0.000010 0.046730 0.000010 0.000010 0.000531 0.007094 0.859207
0.000010 0.000010 0.000010 0.024135 0.010406 0.000010 0.006175 0.000010 0.000010 0.000010 0.012226 0.048050 0.000010 0.000010 0.058989 0.007833 0.832095
0.000010 0.000010 0.000010 0.022215 0.000010 0.000010 0.007789 0.000010 0.000010 0.000010 0.000010 0.059949 0.012181 0.000010 0.064982 0.000010 0.832773
0.000010 0.006042 0.005395 0.094897 0.002728 0.005416 0.002905 0.000010 0.000010 0.000010 0.000010 0.027750 0.000010 0.000010 0.021150 0.000010 0.833636
0.000010 0.000010 0.000016 0.104594 0.008928 0.000010 0.000010 0.040908 0.000010 0.000010 0.000010 0.025321 0.009300 0.000010 0.040997 0.000010 0.769845
0.000010 0.000010 0.000010 0.163192 0.000010 0.008798 0.027659 0.000010 0.039049 0.001168 0.000010 0.043956 0.000010 0.000564 0.010309 0.000010 0.705225
0.000010 0.000010 0.000010 0.452906 0.000010 0.000010 0.041396 0.000010 0.093716 0.000010 0.023197 0.000010 0.000998 0.000010 0.000010 0.000010 0.387678
0.000010 0.000010 0.003313 0.443980 0.010306 0.002448 0.029784 0.000010 0.112871 0.000010 0.002197 0.000010 0.000010 0.000010 0.000010 0.000010 0.395012
0.000010 0.000010 0.000010 0.488143 0.000010 0.000010 0.035024 0.000010 0.064307 0.012224 0.000010 0.000010 0.002473 0.000010 0.002996 0.000010 0.394733
0.000010 0.000010 0.011765 0.461737 0.009962 0.000010 0.026275 0.000010 0.095700 0.000010 0.000010 0.000010 0.003051 0.000010 0.000010 0.000010 0.391409
0.000010 0.006075 0.007734 0.425920 0.000010 0.000010 0.018231 0.000010 0.103875 0.000376 0.002466 0.000010 0.000010 0.000010 0.022062 0.002493 0.410697
0.000010 0.000010 0.000010 0.452063 0.000010 0.000010 0.025118 0.000010 0.060231 0.010878 0.000010 0.000010 0.000010 0.000010 0.018738 0.007066 0.425806
0.000010 0.000010 0.000010 0.456119 0.002856 0.000010 0.026397 0.000010 0.095149 0.000010 0.012936 0.000010 0.002042 0.000010 0.002735 0.000010 0.401678
0.000010 0.000010 0.015731 0.430885 0.001412 0.000010 0.026287 0.000010 0.072208 0.000010 0.000010 0.000010 0.010301 0.000010 0.042494 0.000010 0.400592
0.005340 0.004381 0.000010 0.439715 0.003841 0.000010 0.006081 0.000010 0.064458 0.000615 0.000010 0.000010 0.001273 0.000010 0.004436 0.015890 0.453909
0.000010 0.000010 0.000010 0.437173 0.000010 0.000010 0.030883 0.000010 0.069112 0.000010 0.001354 0.000010 0.000288 0.000010 0.004004 0.000010 0.457087
0.000010 0.000010 0.004466 0.401526 0.006959 0.000010 0.005864 0.000010 0.116990 0.000010 0.014076 0.000010 0.000010 0.000010 0.019174 0.002899 0.427966
0.000010 0.000010 0.000010 0.446137 0.000010 0.000010 0.055688 0.000010 0.057186 0.003840 0.000010 0.000010 0.017426 0.000441 0.008887 0.000010 0.410304
0.000010 0.000010 0.000010 0.449198 0.009225 0.000010 0.029411 0.000010 0.093381 0.000010 0.000010 0.000010 0.010374 0.000010 0.034638 0.000010 0.373673
0.000010 0.000010 0.003414 0.425294 0.000010 0.000010 0.000010 0.000010 0.093404 0.002652 0.000010 0.000010 0.003837 0.000010 0.032209 0.000010 0.439090
0.000010 0.000010 0.000010 0.439117 0.017949 0.000010 0.020663 0.000010 0.086186 0.000010 0.000010 0.003738 0.000010 0.000010 0.000010 0.000010 0.432237
0.000010 0.007749 0.000010 0.479280 0.002569 0.001480 0.005176 0.000010 0.065691 0.000010 0.011708 0.000172 0.003375 0.002675 0.000010 0.000010 0.420064
0.000010 0.003177 0.000020 0.477840 0.000010 0.000010 0.038826 0.000010 0.089867 0.000010 0.003460 0.000010 0.000010 0.000010 0.036768 0.000010 0.349951
0.000010 0.000010 0.000010 0.468536 0.002418 0.000010 0.015913 0.000133 0.120746 0.000010 0.000010 0.005330 0.016234 0.000010 0.000010 0.000010 0.370599
0.006032 0.000010 0.001228 0.462696 0.001837 0.000010 0.041980 0.000014 0.043482 0.000010 0.000010 0.000010 0.003563 0.000433 0.022214 0.000010 0.416460
0.011734 0.000010 0.001842 0.481470 0.005145 0.000010 0.016866 0.000010 0.049881 0.000277 0.000010 0.000010 0.002562 0.000010 0.026453 0.000010 0.403699
0.007779 0.000010 0.000010 0.482899 0.012318 0.000010 0.039145 0.000010 0.062322 0.001247 0.005609 0.000010 0.000010 0.000010 0.009707 0.000010 0.378894
0.000010 0.000010 0.000010 0.443712 0.000010 0.000010 0.044744 0.000010 0.072489 0.007908 0.000010 0.000010 0.000010 0.000010 0.000010 0.000010 0.431026
0.003918 0.000010 0.012704 0.462379 0.002500 0.000010 0.019965 0.000010 0.033503 0.001470 0.000010 0.000010 0.000010 0.000010 0.000010 0.000010 0.463471
0.000308 0.000010 0.004994 0.455554 0.000010 0.000010 0.026850 0.000010 0.088698 0.000010 0.000010 0.000010 0.008810 0.000010 0.014925 0.000010 0.399771
0.000010 0.000010 0.000010 0.500532 0.000224 0.000010 0.030116 0.007010 0.037660 0.000010 0.000010 0.000010 0.000010 0.000010 0.010475 0.000010 0.413881
0.000010 0.000010 0.000010 0.474801 0.000010 0.000010 0.047283 0.000010 0.074769 0.000010 0.003662 0.000010 0.001902 0.000010 0.000010 0.000010 0.397473
0.000010 0.000010 0.000010 0.413826 0.009448 0.000010 0.006330 0.000010 0.097119 0.000010 0.000020 0.008562 0.000485 0.000010 0.000010 0.000010 0.464121
0.000010 0.000010 0.000010 0.483899 0.006095 0.000010 0.021143 0.000010 0.067492 0.000010 0.000010 0.001274 0.005090 0.000010 0.013979 0.000010 0.400938
0.000010 0.000010 0.008496 0.477715 0.000010 0.000010 0.000015 0.000010 0.112670 0.000010 0.000010 0.000010 0.005858 0.000010 0.018132 0.000010 0.377014
0.000010 0.000010 0.015748 0.445551 0.012667 0.000010 0.037666 0.000128 0.038815 0.000010 0.000010 0.000010 0.000010 0.000010 0.018624 0.000010 0.430711
0.000010 0.000010 0.000010 0.499508 0.003346 0.000010 0.027919 0.000010 0.048459 0.006843 0.006775 0.000010 0.000099 0.000010 0.000010 0.000010 0.406959
0.000010 0.000010 0.005648 0.471282 0.000010 0.000010 0.000010 0.006164 0.060855 0.000010 0.012573 0.000010 0.000010 0.000010 0.000010 0.000010 0.443369
0.000010 0.000010 0.000010 0.049282 0.004811 0.000010 0.000010 0.022642 0.026765 0.010628 0.000010 0.020506 0.008634 0.000010 0.039286 0.004587 0.812789
0.000010 0.000010 0.000010 0.012962 0.009406 0.000010 0.000010 0.000010 0.000010 0.000010 0.000010 0.049704 0.006663 0.000010 0.040416 0.000010 0.880739
0.000010 0.000010 0.000010 0.084070 0.000010 0.000010 0.019903 0.013728 0.000010 0.000010 0.018964 0.009108 0.000010 0.000010 0.018444 0.000010 0.835683
0.000010 0.004104 0.003184 0.000010 0.011085 0.000010 0.000010 0.000010 0.000010 0.001136 0.000010 0.000010 0.005621 0.027808 0.012976 0.000010 0.933995
0.001660 0.002287 0.000010 0.136910 0.014765 0.000010 0.000010 0.000010 0.009287 0.000010 0.000010 0.026826 0.001874 0.000010 0.023917 0.000010 0.782394
0.000010 0.000010 0.005423 0.000010 0.000010 0.000010 0.000010 0.000010 0.000010 0.000010 0.000010 0.073214 0.007349 0.000010 0.015150 0.006643 0.892111
0.000010 0.000010 0.000010 0.000010 0.004238 0.000010 0.000010 0.000010 0.016795 0.000010 0.000010 0.050549 0.000010 0.000010 0.050240 0.000010 0.878058
0.000010 0.000010 0.000014 0.162198 0.004357 0.000010 0.000010 0.042300 0.000010 0.000197 0.010433 0.009564 0.000010 0.000010 0.030281 0.000010 0.740576
0.000010 0.002364 0.000010 0.090379 0.000010 0.000010 0.020228 0.038288 0.000010 0.000010 0.006207 0.000010 0.000010 0.000010 0.057444 0.000010 0.784989
0.000010 0.002349 0.000010 0.178801 0.003990 0.000010 0.018056 0.000010 0.054513 0.000010 0.000010 0.010890 0.000010 0.019357 0.000010 0.000010 0.711954
0.003166 0.006385 0.000010 0.011780 0.012023 0.000010 0.001772 0.011135 0.002540 0.010528 0.004931 0.015039 0.016842 0.000010 0.034584 0.000010 0.869236
0.000010 0.001763 0.000010 0.188315 0.003911 0.000010 0.015823 0.000010 0.045981 0.009158 0.009825 0.021318 0.010867 0.000010 0.000010 0.000010 0.692968
0.000010 0.000010 0.000010 0.017498 0.000010 0.000010 0.026245 0.000010 0.000010 0.000010 0.000010 0.041258 0.008710 0.000010 0.059090 0.000010 0.847088
0.000010 0.000010 0.000010 0.092798 0.010372 0.000010 0.000010 0.000010 0.022469 0.000010 0.000010 0.065139 0.000010 0.000010 0.000010 0.000010 0.809102
0.000010 0.000010 0.000010 0.057075 0.004830 0.000010 0.035078 0.021055 0.000010 0.000081 0.014543 0.013998 0.000010 0.000010 0.015954 0.000010 0.837306
0.000010 0.015540 0.000010 0.038438 0.000157 0.000010 0.016302 0.025151 0.000010 0.000010 0.000010 0.009433 0.005610 0.000010 0.044866 0.000010 0.844423
0.007564 0.009152 0.000010 0.010526 0.003300 0.000010 0.020806 0.000016 0.000010 0.011065 0.003105 0.000010 0.015560 0.000010 0.055355 0.000010 0.863490
0.000010 0.017107 0.000010 0.000010 0.000010 0.000010 0.002795 0.004892 0.000010 0.000010 0.003194 0.024394 0.000010 0.000010 0.025173 0.000010 0.922345
0.000010 0.004244 0.000010 0.000010 0.004675 0.000010 0.004427 0.000010 0.007493 0.002804 0.004266 0.040038 0.000010 0.000010 0.034337 0.000010 0.897637
0.000010 0.000010 0.011039 0.000010 0.000099 0.000010 0.000010 0.005446 0.000010 0.000010 0.000010 0.049335 0.000010 0.000010 0.022920 0.000010 0.911050
0.000010 0.000010 0.000010 0.053395 0.005547 0.000010 0.004346 0.000010 0.048879 0.000010 0.000010 0.029428 0.000010 0.032228 0.018236 0.000010 0.807850
0.000010 0.000010 0.000010 0.000010 0.007083 0.000010 0.009741 0.000010 0.000010 0.000010 0.000010 0.059472 0.000010 0.000010 0.053072 0.000010 0.870512
0.000010 0.000010 0.000011 0.000010 0.001068 0.000010 0.000010 0.000010 0.000010 0.000013 0.004321 0.028130 0.003092 0.000010 0.008074 0.015947 0.939265
0.000010 0.000010 0.002767 0.134551 0.000010 0.008736 0.017461 0.023980 0.015095 0.000010 0.000703 0.036019 0.003580 0.000010 0.000010 0.001151 0.755897
0.000010 0.000010 0.000010 0.055538 0.000010 0.000010 0.030469 0.000010 0.028142 0.000010 0.000010 0.041596 0.000010 0.023254 0.037933 0.000010 0.782969
0.000010 0.000010 0.000010 0.060185 0.000010 0.000010 0.000010 0.029864 0.071618 0.000010 0.000010 0.016289 0.005579 0.008804 0.000010 0.000010 0.807560
0.000010 0.001155 0.000010 0.127439 0.000010 0.000010 0.000010 0.000010 0.008624 0.001938 0.006495 0.034557 0.000010 0.004402 0.009206 0.000010 0.806104
0.002639 0.000010 0.000010 0.172856 0.000010 0.000010 0.021893 0.000010 0.008213 0.000010 0.000010 0.021299 0.007913 0.000010 0.036618 0.005032 0.723456
0.001273 0.000010 0.005826 0.135711 0.005761 0.002812 0.023962 0.000010 0.007803 0.000010 0.013865 0.048482 0.000010 0.000010 0.021967 0.000010 0.732479
0.000010 0.000010 0.000010 0.027595 0.003716 0.000010 0.040878 0.000010 0.000012 0.000010 0.000010 0.049062 0.000010 0.002231 0.025032 0.000010 0.851384
0.004187 0.000010 0.000010 0.071670 0.004351 0.000010 0.016688 0.000010 0.002685 0.000010 0.010302 0.039474 0.000010 0.000010 0.061530 0.000866 0.788177
0.000010 0.000010 0.000010 0.059050 0.000010 0.000010 0.000010 0.018438 0.050454 0.000010 0.000032 0.017102 0.006258 0.000010 0.025547 0.000010 0.823028
0.000010 0.000010 0.004705 0.048703 0.003025 0.002223 0.016418 0.000010 0.000010 0.000496 0.000010 0.043510 0.012355 0.000010 0.018424 0.006221 0.843861
0.000010 0.000010 0.000010 0.063518 0.000010 0.000010 0.000010 0.000010 0.020996 0.000010 0.012070 0.045463 0.000010 0.001206 0.070040 0.000010 0.786606
0.000010 0.009536 0.006738 0.066683 0.006419 0.000010 0.000010 0.000010 0.000010 0.000010 0.002776 0.024890 0.005453 0.007062 0.027017 0.000010 0.843356
0.000010 0.003427 0.000010 0.000010 0.013848 0.000010 0.000010 0.000010 0.010325 0.018147 0.007613 0.035523 0.001446 0.000010 0.040938 0.000010 0.868653
0.000010 0.000010 0.000013 0.000010 0.000010 0.000010 0.000010 0.000010 0.000010 0.000010 0.000010 0.046886 0.007891 0.000010 0.035090 0.000010 0.910000
0.000010 0.000010 0.000010 0.000010 0.000566 0.000010 0.000010 0.005256 0.000010 0.000010 0.017797 0.046650 0.002069 0.000010 0.030417 0.000010 0.897145
0.000010 0.000010 0.000010 0.049432 0.000010 0.000010 0.000010 0.011878 0.028600 0.000010 0.020619 0.052502 0.000010 0.000010 0.001845 0.000010 0.835024
0.000010 0.000010 0.011054 0.000010 0.000010 0.000010 0.000010 0.000010 0.000010 0.000010 0.004175 0.039410 0.000010 0.000010 0.092729 0.000010 0.852511
0.008488 0.000010 0.000010 0.108109 0.000010 0.002091 0.005751 0.000010 0.000010 0.000010 0.005493 0.025804 0.003299 0.000010 0.029295 0.000010 0.811589
0.000010 0.014562 0.007076 0.126423 0.000010 0.000010 0.000010 0.000010 0.033120 0.000010 0.014160 0.008270 0.006568 0.000010 0.037765 0.000010 0.751975
0.000010 0.000010 0.010856 0.150770 0.000010 0.000010 0.019782 0.000010 0.000010 0.000010 0.000010 0.053820 0.000010 0.000010 0.011794 0.002418 0.750460
0.000010 0.000018 0.000010 0.094670 0.000010 0.000010 0.004568 0.000010 0.024192 0.004381 0.003812 0.039534 0.001235 0.000010 0.035713 0.000010 0.791807
0.000010 0.000010 0.015554 0.076390 0.003992 0.000010 0.017354 0.000012 0.022766 0.000010 0.000010 0.036797 0.014429 0.000018 0.064148 0.000010 0.748478
0.000010 0.000010 0.000010 0.156178 0.001341 0.000010 0.007637 0.000010 0.012661 0.000010 0.004231 0.029140 0.010610 0.000010 0.010440 0.000010 0.767681
0.000010 0.013898 0.000010 0.085084 0.000226 0.000010 0.000010 0.003991 0.000010 0.000010 0.008945 0.018177 0.000010 0.002356 0.057989 0.000010 0.809254
0.000010 0.000010 0.000010 0.047290 0.000010 0.000010 0.000010 0.027167 0.006666 0.004402 0.000010 0.024568 0.010797 0.000010 0.046886 0.000010 0.832134
0.000010 0.020468 0.000010 0.136494 0.000010 0.000010 0.000010 0.000010 0.017513 0.000010 0.006221 0.003688 0.005210 0.000010 0.032591 0.000010 0.777724
0.000010 0.007879 0.000010 0.052221 0.000010 0.000010 0.000010 0.000010 0.016337 0.006146 0.000010 0.025549 0.000010 0.000010 0.011121 0.000010 0.880648
0.000010 0.000010 0.000010 0.044124 0.002996 0.000010 0.011934 0.000010 0.009734 0.000010 0.000010 0.039814 0.000010 0.009536 0.061240 0.000010 0.820533
0.008343 0.000010 0.000010 0.148197 0.008491 0.000010 0.045459 0.000010 0.033228 0.002245 0.008130 0.022846 0.000010 0.000010 0.082722 0.000010 0.640268
0.000010 0.000010 0.000010 0.016590 0.011218 0.000010 0.000010 0.000010 0.000010 0.000010 0.000010 0.033930 0.000010 0.026426 0.053820 0.000010 0.857906
0.010106 0.019797 0.000010 0.038068 0.004618 0.000010 0.000010 0.000010 0.000010 0.000010 0.012952 0.017056 0.004924 0.000010 0.015927 0.000010 0.876472
0.000010 0.000010 0.000010 0.230254 0.007596 0.000010 0.024561 0.034985 0.000405 0.000010 0.000010 0.009311 0.013233 0.000010 0.024741 0.000010 0.654834
0.000010 0.014629 0.000010 0.079816 0.006977 0.000010 0.000010 0.000010 0.000010 0.000010 0.000010 0.037647 0.003490 0.000010 0.021398 0.000010 0.835942
0.000010 0.009075 0.000010 0.135782 0.001605 0.000010 0.007384 0.000010 0.000010 0.004747 0.020121 0.020400 0.000010 0.000010 0.011031 0.000010 0.789774
0.000010 0.000010 0.000010 0.051406 0.003053 0.000010 0.017334 0.000010 0.000010 0.000010 0.000010 0.056065 0.000010 0.000010 0.021739 0.000010 0.850294
0.000010 0.000010 0.000010 0.209938 0.003094 0.000010 0.011065 0.009992 0.051833 0.000010 0.000010 0.000320 0.000010 0.000010 0.000010 0.012994 0.700674
0.000010 0.004951 0.000010 0.039242 0.000558 0.002497 0.000010 0.000010 0.005155 0.000489 0.000010 0.014728 0.015462 0.021281 0.059404 0.000010 0.836171
0.000010 0.000010 0.000010 0.082860 0.002414 0.000010 0.001379 0.000010 0.000010 0.000010 0.000010 0.048773 0.000010 0.021956 0.023441 0.000010 0.819077
0.000010 0.000010 0.000010 0.123172 0.000010 0.000010 0.029469 0.000010 0.000010 0.000010 0.000010 0.038839 0.000010 0.000010 0.030386 0.000010 0.778013
0.007892 0.000010 0.000010 0.053391 0.000010 0.000010 0.000010 0.000010 0.051530 0.000010 0.000010 0.066117 0.000010 0.000010 0.017345 0.000010 0.803615
0.000010 0.018245 0.000010 0.063419 0.006861 0.000010 0.000010 0.003300 0.010461 0.000010 0.008276 0.005100 0.001492 0.000010 0.038552 0.000010 0.844224
0.000010 0.000010 0.000010 0.000010 0.000010 0.000010 0.000010 0.026977 0.000010 0.002884 0.011413 0.012992 0.000010 0.000010 0.022475 0.000010 0.923149
0.000010 0.008962 0.000010 0.123682 0.008817 0.000010 0.000010 0.019122 0.066599 0.000010 0.000010 0.015732 0.003125 0.000010 0.000010 0.001147 0.752733
0.000010 0.000010 0.008449 0.103881 0.000010 0.000010 0.013697 0.000010 0.011200 0.000017 0.000010 0.037358 0.005550 0.002193 0.035395 0.000010 0.782192
0.000010 0.011566 0.007275 0.000010 0.005951 0.000010 0.000010 0.000010 0.023927 0.011420 0.000010 0.035793 0.000010 0.000010 0.005001 0.000010 0.898977
0.000010 0.000010 0.007016 0.099410 0.002905 0.000010 0.011600 0.000010 0.000010 0.000010 0.004901 0.033993 0.000010 0.006649 0.017111 0.000010 0.816335
0.001156 0.000010 0.000010 0.005799 0.005342 0.000010 0.000010 0.000010 0.034849 0.000010 0.000010 0.018889 0.008049 0.018565 0.053700 0.000010 0.853572
0.000010 0.020114 0.000010 0.000010 0.000010 0.000010 0.006557 0.004793 0.000010 0.007490 0.024026 0.009050 0.000010 0.000010 0.041483 0.001800 0.884607
0.007198 0.000010 0.005889 0.069772 0.000010 0.000010 0.020205 0.003422 0.011908 0.000010 0.008013 0.047367 0.000010 0.000010 0.025851 0.000010 0.800304
0.000010 0.000010 0.000010 0.071832 0.000010 0.000010 0.000010 0.022789 0.000010 0.000010 0.003843 0.048432 0.000010 0.000010 0.053358 0.000010 0.799638
0.000010 0.000010 0.000607 0.000010 0.009827 0.000010 0.000010 0.000010 0.000010 0.000010 0.018302 0.041892 0.000010 0.000010 0.007628 0.000010 0.921634
0.000010 0.000010 0.000010 0.035182 0.000010 0.000010 0.018960 0.000011 0.000010 0.000010 0.007021 0.054881 0.011822 0.000010 0.033398 0.000010 0.838634
0.000010 0.000010 0.000010 0.083673 0.000327 0.000010 0.012976 0.014222 0.037393 0.000010 0.003553 0.035592 0.000687 0.000010 0.043763 0.000010 0.767745
0.000010 0.021328 0.000010 0.122048 0.000010 0.000010 0.000010 0.000010 0.000010 0.000010 0.000010 0.035767 0.000010 0.000010 0.015965 0.000010 0.804772
0.000010 0.000010 0.000010 0.000010 0.000010 0.000010 0.001317 0.000013 0.000010 0.005160 0.005922 0.060102 0.001456 0.000010 0.058078 0.000010 0.867861
0.000010 0.000010 0.000010 0.055324 0.000260 0.000010 0.000010 0.000010 0.006005 0.000028 0.004528 0.068849 0.000010 0.000010 0.004165 0.001474 0.859288
0.000010 0.016155 0.000010 0.125546 0.021737 0.000010 0.000010 0.000010 0.032517 0.000010 0.000010 0.024966 0.000010 0.000010 0.045189 0.000010 0.733790
0.000010 0.000010 0.000010 0.000010 0.000010 0.000010 0.000010 0.068026 0.000010 0.000010 0.006339 0.043174 0.036708 0.027499 0.065739 0.000010 0.752415
0.000010 0.000651 0.008473 0.054656 0.002577 0.000010 0.000010 0.025802 0.000010 0.003530 0.000010 0.035536 0.004639 0.000010 0.030476 0.000010 0.833591
0.000011 0.004420 0.000010 0.040562 0.003881 0.000010 0.031067 0.000010 0.022517 0.000010 0.000010 0.000010 0.009488 0.024102 0.014071 0.000010 0.849812
0.000010 0.001701 0.000010 0.138903 0.000010 0.000010 0.000631 0.000010 0.054939 0.000010 0.006818 0.009327 0.000010 0.020291 0.051465 0.002580 0.713274
0.003644 0.000010 0.018098 0.067028 0.000010 0.000010 0.000010 0.000010 0.000010 0.000010 0.000010 0.023131 0.000010 0.007399 0.013583 0.000010 0.867017
0.000018 0.000010 0.000010 0.014088 0.013338 0.000010 0.000010 0.000010 0.000010 0.000010 0.001664 0.058919 0.009114 0.000010 0.032191 0.000010 0.870580
0.008570 0.000010 0.000010 0.000010 0.010056 0.000010 0.000010 0.004499 0.000010 0.000010 0.000010 0.029292 0.000010 0.000010 0.033426 0.000010 0.914048
0.000010 0.014850 0.022097 0.106224 0.000010 0.000010 0.033201 0.000010 0.000010 0.000010 0.000010 0.010464 0.010991 0.000010 0.002086 0.005778 0.794229
0.000010 0.115134 0.000010 0.000010 0.000010 0.000010 0.000010 0.529748 0.000010 0.000010 0.000010 0.002639 0.000010 0.352349 0.000010 0.000010 0.000010
0.000010 0.037091 0.000010 0.000010 0.001069 0.000010 0.000010 0.641863 0.000010 0.000010 0.005180 0.000010 0.006184 0.308501 0.000010 0.000010 0.000010
0.000010 0.000010 0.000010 0.000010 0.000577 0.000010 0.000010 0.668256 0.000010 0.000010 0.003712 0.000010 0.000010 0.327325 0.000010 0.000010 0.000010
0.000010 0.048071 0.000010 0.000010 0.000096 0.000010 0.000010 0.552589 0.000010 0.000010 0.000010 0.000010 0.000010 0.399114 0.000010 0.000010 0.000010
0.000010 0.037707 0.000010 0.000010 0.009621 0.000010 0.000010 0.618148 0.000010 0.000010 0.003551 0.000010 0.006355 0.324509 0.000010 0.000010 0.000010
0.000010 0.033254 0.000010 0.000010 0.003550 0.000010 0.000010 0.555152 0.000010 0.000010 0.000010 0.036062 0.000010 0.371862 0.000010 0.000010 0.000010
0.000010 0.033080 0.000010 0.000010 0.000010 0.000010 0.000010 0.609414 0.000010 0.000010 0.000010 0.000010 0.000010 0.357366 0.000010 0.000010 0.000010
0.000010 0.047915 0.009503 0.000010 0.000010 0.000010 0.000010 0.639290 0.000010 0.000010 0.000010 0.003496 0.000010 0.299676 0.000010 0.000010 0.000010
0.000010 0.068033 0.000010 0.000010 0.000010 0.000010 0.000010 0.548077 0.000010 0.000010 0.000010 0.000010 0.001714 0.382046 0.000010 0.000010 0.000010
0.000010 0.000010 0.000010 0.000010 0.000056 0.000010 0.000010 0.659420 0.000010 0.000010 0.000010 0.000010 0.001815 0.338579 0.000010 0.000010 0.000010
0.000010 0.052423 0.000010 0.000010 0.000010 0.000010 0.000010 0.548182 0.000010 0.004120 0.000489 0.008403 0.000010 0.386274 0.000010 0.000010 0.000010
0.000010 0.032368 0.000010 0.000010 0.000010 0.000010 0.000010 0.642045 0.000010 0.000010 0.000010 0.000010 0.000010 0.325447 0.000010 0.000010 0.000010
0.000010 0.063396 0.000010 0.000010 0.000010 0.000010 0.000010 0.524334 0.000010 0.000010 0.000010 0.000010 0.000010 0.412130 0.000010 0.000010 0.000010
0.000010 0.075013 0.008670 0.000010 0.000010 0.000010 0.000010 0.570814 0.000010 0.000010 0.000010 0.000010 0.008092 0.337290 0.000010 0.000010 0.000010
0.000010 0.111530 0.000010 0.000010 0.008434 0.000010 0.000010 0.547690 0.000010 0.000010 0.000010 0.000010 0.000010 0.332215 0.000010 0.000010 0.000010
0.000010 0.034691 0.000010 0.000010 0.000010 0.000010 0.000010 0.653972 0.000010 0.000010 0.000010 0.000010 0.007001 0.304206 0.000010 0.000010 0.000010
0.000010 0.000010 0.000010 0.000010 0.000010 0.000010 0.000010 0.608453 0.000010 0.000010 0.008306 0.017712 0.000010 0.365398 0.000010 0.000010 0.000010
0.000010 0.062192 0.000010 0.000010 0.004103 0.000010 0.000010 0.572947 0.000010 0.000010 0.000010 0.000010 0.000010 0.360628 0.000010 0.000010 0.000010
0.000010 0.047840 0.000010 0.000010 0.000010 0.000010 0.000010 0.664659 0.000010 0.000010 0.000010 0.000020 0.000010 0.287351 0.000010 0.000010 0.000010
0.000010 0.035045 0.000010 0.000010 0.005372 0.000010 0.000010 0.607626 0.000010 0.000010 0.002501 0.002459 0.000010 0.346887 0.000010 0.000010 0.000010
0.000010 0.062509 0.000010 0.000010 0.000010 0.000010 0.000010 0.545949 0.000010 0.000010 0.000010 0.002185 0.003219 0.386017 0.000010 0.000010 0.000010
0.000010 0.050705 0.000010 0.000010 0.000989 0.000010 0.000010 0.631314 0.000010 0.000010 0.000010 0.000010 0.007162 0.309709 0.000010 0.000010 0.000010
0.000010 0.052475 0.000010 0.000010 0.001978 0.000010 0.000010 0.577755 0.000010 0.000010 0.001100 0.000010 0.008328 0.358255 0.000010 0.000010 0.000010
0.000010 0.047783 0.000379 0.000010 0.000010 0.000010 0.000010 0.574889 0.000010 0.000010 0.000010 0.000010 0.002319 0.374509 0.000010 0.000010 0.000010
0.000010 0.055268 0.000010 0.000010 0.000010 0.000010 0.000010 0.633613 0.000010 0.000010 0.000010 0.000010 0.003015 0.307975 0.000010 0.000010 0.000010
0.000010 0.025495 0.000010 0.000010 0.000010 0.000010 0.000010 0.591499 0.000010 0.000010 0.000010 0.006749 0.000419 0.375718 0.000010 0.000010 0.000010
0.000010 0.060300 0.000010 0.000010 0.000010 0.000010 0.000010 0.635107 0.000010 0.000010 0.000010 0.008536 0.000010 0.295927 0.000010 0.000010 0.000010
0.000010 0.021295 0.000010 0.000010 0.008337 0.000010 0.000010 0.582706 0.000010 0.000010 0.000010 0.009268 0.012345 0.365940 0.000010 0.000010 0.000010
0.000010 0.032216 0.000010 0.000010 0.000010 0.000010 0.000010 0.604929 0.000010 0.000010 0.000010 0.015745 0.006258 0.340732 0.000010 0.000010 0.000010
0.000010 0.022311 0.000010 0.000010 0.009289 0.000010 0.000010 0.571674 0.000010 0.000010 0.010039 0.024151 0.000010 0.362427 0.000010 0.000010 0.000010
0.000010 0.049825 0.000010 0.000010 0.000010 0.000010 0.000010 0.720165 0.000010 0.000010 0.000010 0.000010 0.000010 0.229870 0.000010 0.000010 0.000010
0.000010 0.072557 0.000010 0.000010 0.000010 0.000010 0.000010 0.529605 0.000010 0.000010 0.000010 0.011150 0.000010 0.386557 0.000010 0.000010 0.000010
0.000010 0.036619 0.000010 0.000010 0.004608 0.000010 0.000010 0.576759 0.000010 0.000010 0.000010 0.000010 0.000010 0.381884 0.000010 0.000010 0.000010
0.000010 0.068408 0.000010 0.000010 0.002062 0.000010 0.000010 0.567209 0.000010 0.000010 0.010121 0.042379 0.000010 0.309711 0.000010 0.000010 0.000010
0.000010 0.011007 0.000010 0.000010 0.004034 0.000010 0.000010 0.643783 0.000010 0.000010 0.000010 0.012685 0.008364 0.320017 0.000010 0.000010 0.000010
0.002575 0.002700 0.000010 0.000010 0.001427 0.000010 0.000010 0.638801 0.000010 0.000010 0.003532 0.000010 0.000150 0.350716 0.000010 0.000010 0.000010
0.000010 0.069781 0.000010 0.000010 0.001263 0.000010 0.000010 0.598916 0.000010 0.000010 0.011255 0.000010 0.000010 0.318665 0.000010 0.000010 0.000010
0.000010 0.105721 0.000010 0.000010 0.000010 0.000010 0.005190 0.555063 0.000010 0.000010 0.000010 0.000010 0.000681 0.333224 0.000010 0.000010 0.000010
0.000010 0.000010 0.000010 0.000010 0.000201 0.000010 0.000010 0.628546 0.000010 0.000010 0.000010 0.000010 0.005397 0.365727 0.000010 0.000010 0.000010
0.000010 0.022581 0.000010 0.000010 0.000010 0.000010 0.000010 0.636986 0.000010 0.000010 0.000010 0.000010 0.000010 0.340293 0.000010 0.000010 0.000010
0.000010 0.011489 0.000010 0.000010 0.000010 0.000010 0.000010 0.687580 0.000010 0.000010 0.003582 0.000010 0.000010 0.297219 0.000010 0.000010 0.000010
0.000010 0.029351 0.000010 0.000010 0.000010 0.000010 0.000010 0.591922 0.000010 0.000010 0.000010 0.000010 0.010366 0.368232 0.000010 0.000010 0.000010
0.076057 0.000010 0.001768 0.471790 0.000010 0.000010 0.025106 0.000010 0.010776 0.000010 0.072911 0.026811 0.053727 0.000010 0.120819 0.004206 0.135967
0.021006 0.000010 0.036654 0.386390 0.000331 0.077589 0.029975 0.000010 0.046490 0.005300 0.157316 0.007620 0.053412 0.000010 0.096607 0.067357 0.013924
0.002142 0.000010 0.020467 0.422664 0.012668 0.027666 0.006846 0.000010 0.060591 0.009994 0.132221 0.000010 0.010583 0.000010 0.107540 0.043112 0.143465
0.000010 0.063733 0.000010 0.000010 0.000014 0.000010 0.000010 0.619201 0.000010 0.000010 0.000010 0.000010 0.007617 0.309315 0.000010 0.000010 0.000010
0.000010 0.066494 0.000010 0.000010 0.000010 0.000010 0.000010 0.571660 0.000010 0.000010 0.000010 0.013277 0.011587 0.336862 0.000010 0.000010 0.000010
0.000010 0.223385 0.000010 0.000010 0.000010 0.000010 0.000010 0.531704 0.000010 0.000010 0.006693 0.000010 0.000010 0.238088 0.000010 0.000010 0.000010
0.000010 0.104368 0.000010 0.000010 0.009809 0.000010 0.000010 0.533456 0.000010 0.000010 0.000010 0.000010 0.000010 0.352236 0.000010 0.000010 0.000010
