0.024528 0.000010 0.840928 0.000010 0.060987 0.000010 0.017664 0.055862
0.022840 0.000010 0.814077 0.000010 0.079803 0.000010 0.001825 0.081424
0.000010 0.000010 0.000010 0.353204 0.000010 0.546829 0.005174 0.094753
0.000010 0.000010 0.012964 0.339954 0.000010 0.557728 0.000010 0.089314
0.008623 0.000010 0.003401 0.000010 0.972836 0.000012 0.000010 0.015098
0.000010 0.905906 0.018042 0.000010 0.002999 0.047672 0.002964 0.022397
0.004766 0.000010 0.006322 0.708140 0.000010 0.245862 0.000010 0.034880
0.400097 0.000010 0.000010 0.000010 0.599843 0.000010 0.000010 0.000010
0.029322 0.884789 0.007592 0.030340 0.000805 0.031252 0.000010 0.015891
0.003981 0.978637 0.000010 0.000010 0.000010 0.017331 0.000010 0.000010
0.006286 0.941877 0.017791 0.000010 0.000010 0.013480 0.005550 0.014996
0.021971 0.000010 0.000010 0.000010 0.000010 0.000010 0.977969 0.000010
0.000010 0.000017 0.999916 0.000010 0.000017 0.000010 0.000010 0.000010
0.000010 0.000010 0.009011 0.428136 0.000010 0.562803 0.000010 0.000010
0.000010 0.999930 0.000010 0.000010 0.000010 0.000010 0.000010 0.000010
0.000010 0.000010 0.008376 0.726690 0.005648 0.239452 0.000010 0.019805
0.012313 0.000010 0.012086 0.713987 0.000010 0.239405 0.000010 0.022179
0.003011 0.000010 0.000010 0.769754 0.000010 0.182137 0.012622 0.032446
0.000010 0.000010 0.005203 0.733403 0.000010 0.253466 0.007887 0.000010
0.002985 0.001663 0.012075 0.730090 0.000010 0.245065 0.008102 0.000010
0.000010 0.000010 0.000010 0.774165 0.000010 0.158500 0.001278 0.066018
0.006073 0.000010 0.012316 0.742055 0.001972 0.237554 0.000010 0.000010
0.000010 0.003529 0.000010 0.718990 0.000010 0.252288 0.006395 0.018768
0.000010 0.004534 0.000010 0.737323 0.002434 0.220866 0.006951 0.027872
0.000010 0.000010 0.000010 0.750919 0.000010 0.216092 0.005758 0.027191
0.000010 0.002302 0.000010 0.775143 0.002600 0.218770 0.001155 0.000010
0.008115 0.000010 0.000771 0.740256 0.000010 0.234474 0.009853 0.006511
0.005667 0.000010 0.000010 0.751247 0.003830 0.239216 0.000010 0.000010
0.001906 0.000010 0.000010 0.753001 0.000010 0.222447 0.000010 0.022606
0.000010 0.000010 0.001944 0.768544 0.000010 0.194869 0.004803 0.029811
0.000010 0.000010 0.000010 0.708645 0.000010 0.268778 0.004883 0.017654
0.000010 0.000010 0.000207 0.721817 0.000296 0.259371 0.000010 0.018279
0.004276 0.000010 0.000886 0.756286 0.000010 0.231971 0.000010 0.006550
0.000010 0.000010 0.009031 0.730756 0.000010 0.235374 0.002635 0.022174
0.001509 0.000010 0.000010 0.757036 0.010212 0.222563 0.008650 0.000010
0.000010 0.000010 0.009775 0.764534 0.000010 0.208847 0.000010 0.016804
0.007863 0.000010 0.002076 0.734032 0.004297 0.225015 0.007743 0.018965
0.000010 0.000010 0.000010 0.769608 0.000010 0.218664 0.006651 0.005036
0.013094 0.000010 0.000010 0.795394 0.000010 0.191462 0.000010 0.000010
0.000010 0.001547 0.000010 0.775845 0.000010 0.215423 0.000010 0.007146
0.000010 0.000010 0.000181 0.761955 0.000010 0.228267 0.009556 0.000010
0.000010 0.007781 0.000014 0.740615 0.000010 0.232482 0.004926 0.014163
0.014592 0.013264 0.010429 0.775002 0.000010 0.173701 0.005345 0.007656
0.000010 0.001154 0.009319 0.732213 0.000010 0.234101 0.004934 0.018258
0.003143 0.000010 0.005146 0.707787 0.002697 0.264402 0.000010 0.016806
0.000010 0.000010 0.003589 0.719854 0.000010 0.252000 0.000010 0.024516
0.002008 0.000010 0.000010 0.761281 0.001488 0.222062 0.000010 0.013132
0.002537 0.000010 0.002132 0.720088 0.000010 0.259531 0.000010 0.015682
0.000010 0.000010 0.000952 0.706779 0.000010 0.246082 0.004089 0.042068
0.000010 0.000010 0.000010 0.716291 0.000010 0.272155 0.000010 0.011504
0.000010 0.000010 0.011324 0.719872 0.000010 0.258087 0.000010 0.010677
0.000010 0.004142 0.002549 0.757900 0.000010 0.192147 0.012122 0.031119
0.000010 0.005703 0.000010 0.743218 0.000010 0.242413 0.004878 0.003758
0.006195 0.000010 0.001474 0.745110 0.000010 0.229763 0.000010 0.017427
0.000010 0.000010 0.000010 0.729120 0.000010 0.261976 0.000010 0.008854
0.000010 0.000010 0.008503 0.759785 0.004446 0.215673 0.011563 0.000010
0.005407 0.010556 0.000010 0.720976 0.000010 0.260551 0.002480 0.000010
0.000010 0.000010 0.010541 0.748412 0.000010 0.237983 0.003024 0.000010
0.000010 0.000010 0.002160 0.746128 0.000010 0.232467 0.000010 0.019205
0.000010 0.009497 0.007075 0.753193 0.000010 0.225276 0.000010 0.004930
0.000010 0.000010 0.002489 0.720929 0.000010 0.266206 0.000010 0.010337
0.000010 0.001834 0.004704 0.713812 0.000010 0.244347 0.009331 0.025952
0.000010 0.000010 0.015224 0.716780 0.000010 0.267946 0.000010 0.000010
0.001023 0.002335 0.000010 0.746899 0.000010 0.236740 0.000010 0.012972
0.000010 0.000010 0.003647 0.757474 0.017929 0.220910 0.000010 0.000010
0.000010 0.000010 0.007658 0.696244 0.012546 0.238878 0.002403 0.042250
0.000010 0.000010 0.019147 0.754902 0.000010 0.220876 0.000010 0.005035
0.000010 0.000010 0.000184 0.720459 0.002610 0.250212 0.000010 0.026505
0.000010 0.000010 0.000010 0.735330 0.000010 0.262556 0.002064 0.000010
0.000010 0.000010 0.011771 0.726437 0.000010 0.249509 0.012244 0.000010
0.000010 0.000010 0.000010 0.719093 0.023695 0.242400 0.007276 0.007506
0.000010 0.000010 0.015147 0.745978 0.001477 0.228160 0.009208 0.000010
0.025544 0.000010 0.009087 0.722395 0.000010 0.227430 0.007253 0.008270
0.000010 0.000010 0.011875 0.724672 0.005858 0.257555 0.000010 0.000010
0.000010 0.000010 0.006869 0.727659 0.000010 0.238738 0.001465 0.025239
0.087855 0.000494 0.000010 0.911601 0.000010 0.000010 0.000010 0.000010
0.083709 0.000010 0.000010 0.886634 0.000010 0.026430 0.003186 0.000010
0.047497 0.000010 0.007851 0.860291 0.000010 0.067034 0.012866 0.004442
0.083585 0.013722 0.000010 0.891569 0.000010 0.011085 0.000010 0.000010
0.073777 0.015699 0.000749 0.876515 0.000010 0.020344 0.012896 0.000010
0.059871 0.007281 0.008635 0.878614 0.000010 0.010999 0.004781 0.029808
0.070818 0.001731 0.000010 0.879020 0.000010 0.036656 0.005753 0.006003
0.084247 0.000010 0.000010 0.874810 0.000010 0.025658 0.003293 0.011962
0.067216 0.016441 0.000010 0.721491 0.000010 0.192917 0.000010 0.001905
0.073387 0.005571 0.000010 0.880050 0.000010 0.000010 0.024101 0.016860
0.068336 0.006569 0.005765 0.873398 0.000010 0.000150 0.015059 0.030713
0.073616 0.011325 0.000010 0.880317 0.000010 0.000010 0.000010 0.034702
0.072093 0.009542 0.010571 0.861820 0.000010 0.025667 0.012204 0.008094
0.086956 0.005682 0.000010 0.864554 0.000010 0.027014 0.015764 0.000010
0.059549 0.006067 0.004452 0.901591 0.000010 0.015293 0.000010 0.013028
0.087562 0.000547 0.008255 0.843221 0.000010 0.042997 0.010815 0.006595
0.052969 0.015973 0.000010 0.842490 0.000010 0.073288 0.004468 0.010792
0.001445 0.000010 0.000010 0.711994 0.000010 0.250431 0.021996 0.014105
0.000010 0.000010 0.008966 0.710599 0.000010 0.248524 0.000010 0.031871
0.000010 0.004746 0.004006 0.726757 0.000010 0.263184 0.001277 0.000010
0.000010 0.000010 0.010371 0.721156 0.000010 0.233488 0.000010 0.034945
0.005935 0.000010 0.000010 0.700080 0.000010 0.262290 0.000010 0.031655
0.002316 0.009203 0.000010 0.726289 0.000010 0.258507 0.000010 0.003655
0.000010 0.000010 0.001913 0.720333 0.000010 0.253810 0.011822 0.012092
0.000010 0.000010 0.002998 0.692955 0.000010 0.265582 0.004029 0.034406
0.000010 0.017635 0.005288 0.744040 0.005846 0.227160 0.000010 0.000010
0.000010 0.000010 0.000580 0.757744 0.000010 0.228817 0.001471 0.011358
0.000010 0.000010 0.007344 0.701176 0.000010 0.253959 0.010531 0.026960
0.000010 0.000010 0.000010 0.725902 0.005266 0.244655 0.009822 0.014324
0.000010 0.000010 0.009702 0.682971 0.000010 0.286954 0.007727 0.012616
0.000010 0.000010 0.000010 0.718046 0.000010 0.263101 0.002667 0.016145
0.000010 0.000010 0.019977 0.737405 0.000010 0.234851 0.000010 0.007727
0.004028 0.000010 0.002670 0.746514 0.011023 0.227108 0.008637 0.000010
0.000391 0.000010 0.000010 0.673541 0.005054 0.301897 0.000010 0.019087
0.006239 0.000010 0.000670 0.705012 0.000010 0.255438 0.010419 0.022201
0.000010 0.000010 0.001200 0.721217 0.007987 0.254360 0.000010 0.015207
0.000010 0.005840 0.008273 0.720028 0.000010 0.264306 0.000681 0.000853
0.000010 0.002814 0.013844 0.704744 0.007131 0.271438 0.000010 0.000010
0.000010 0.001674 0.004513 0.745594 0.000010 0.239083 0.000010 0.009107
0.000010 0.003258 0.006216 0.765957 0.000828 0.216729 0.000010 0.006992
0.000012 0.000010 0.000010 0.710806 0.000010 0.258327 0.004476 0.026350
0.000010 0.000010 0.001091 0.740284 0.004191 0.254394 0.000010 0.000010
0.000010 0.000010 0.000010 0.753613 0.000010 0.231638 0.004556 0.010153
0.000081 0.000010 0.012520 0.752593 0.000010 0.229711 0.003390 0.001684
0.000010 0.000010 0.008723 0.726403 0.000010 0.264824 0.000010 0.000010
0.000010 0.000010 0.000010 0.696329 0.000016 0.287011 0.000010 0.016604
0.000010 0.000010 0.013470 0.729204 0.001717 0.232936 0.000010 0.022642
0.000010 0.000010 0.006578 0.742778 0.000010 0.243712 0.006892 0.000010
0.000010 0.000010 0.000714 0.771305 0.009702 0.209272 0.006005 0.002982
0.064231 0.021654 0.004387 0.854916 0.000010 0.036085 0.006519 0.012198
0.074092 0.000010 0.011257 0.895297 0.000010 0.000010 0.002965 0.016360
0.058957 0.003600 0.000010 0.898454 0.000010 0.024467 0.014491 0.000010
0.044904 0.000010 0.011804 0.906898 0.007262 0.000010 0.009226 0.019885
0.052644 0.000010 0.014667 0.879465 0.000010 0.044847 0.000010 0.008347
0.090976 0.003273 0.000431 0.873492 0.000010 0.000010 0.010843 0.020966
0.086711 0.000010 0.001367 0.877159 0.000010 0.000753 0.000010 0.033979
0.055861 0.000010 0.002693 0.851970 0.018293 0.062808 0.008355 0.000010
0.062581 0.000010 0.000010 0.856588 0.014558 0.062232 0.004010 0.000010
0.032886 0.000010 0.004843 0.855028 0.009439 0.068541 0.000010 0.029244
0.057546 0.020473 0.016283 0.883319 0.000010 0.000010 0.022349 0.000010
0.036709 0.006882 0.003489 0.853563 0.000010 0.052496 0.021386 0.025465
0.059038 0.000805 0.000010 0.875370 0.000010 0.022966 0.012777 0.029026
0.081540 0.000010 0.012433 0.896983 0.000010 0.000010 0.000010 0.009004
0.056316 0.000010 0.006140 0.892617 0.007295 0.008109 0.017303 0.012210
0.077315 0.000010 0.002704 0.877255 0.006068 0.014839 0.004470 0.017339
0.036939 0.022906 0.005384 0.884097 0.000010 0.008148 0.018902 0.023614
0.076240 0.000010 0.000010 0.915551 0.001314 0.000010 0.000056 0.006810
0.076157 0.005538 0.002532 0.889650 0.000010 0.000010 0.005345 0.020758
0.084162 0.000010 0.000010 0.893625 0.000010 0.000010 0.000010 0.022163
0.045670 0.000010 0.006887 0.862935 0.029121 0.025239 0.000032 0.030106
0.092182 0.000010 0.010525 0.886108 0.000010 0.009078 0.002077 0.000010
0.055464 0.010361 0.002845 0.913960 0.000010 0.000010 0.012564 0.004787
0.080036 0.008552 0.000010 0.861364 0.000010 0.024259 0.003352 0.022418
0.055974 0.000010 0.000010 0.849367 0.020379 0.040996 0.002130 0.031134
0.052469 0.000010 0.000010 0.869720 0.017839 0.024558 0.010676 0.024717
0.058025 0.004415 0.000010 0.901342 0.000010 0.026931 0.005732 0.003536
0.045356 0.008111 0.000010 0.847828 0.000010 0.091814 0.000010 0.006861
0.059198 0.011115 0.005527 0.839014 0.000010 0.045374 0.013016 0.026746
0.069664 0.001740 0.004345 0.894726 0.000058 0.005696 0.000010 0.023761
0.056331 0.012082 0.005176 0.842286 0.000010 0.057562 0.012440 0.014114
0.056808 0.000010 0.000010 0.882500 0.008166 0.040351 0.007579 0.004577
0.061202 0.013906 0.002664 0.892921 0.000010 0.000010 0.010706 0.018580
0.066249 0.002969 0.001004 0.840808 0.000010 0.069442 0.017231 0.002287
0.064488 0.000010 0.006774 0.892890 0.000010 0.008540 0.008042 0.019247
0.069571 0.025632 0.016269 0.877390 0.000010 0.000010 0.010602 0.000516
0.071323 0.006958 0.000010 0.917515 0.000010 0.000010 0.004165 0.000010
0.088360 0.000010 0.003305 0.883602 0.000010 0.000010 0.024693 0.000010
0.085323 0.000010 0.000010 0.888975 0.000010 0.001100 0.024562 0.000010
0.070341 0.000010 0.000010 0.858260 0.000010 0.031683 0.001970 0.037716
0.046740 0.015877 0.001783 0.888898 0.000010 0.035048 0.011634 0.000010
0.043214 0.000483 0.000010 0.841143 0.000010 0.074760 0.018744 0.021635
0.066003 0.000010 0.004071 0.864173 0.000010 0.039517 0.000010 0.026207
0.062293 0.000010 0.000010 0.865651 0.000010 0.048498 0.005001 0.018527
0.054535 0.000891 0.004674 0.815923 0.000010 0.065591 0.013548 0.044828
0.043074 0.000010 0.002164 0.877032 0.000010 0.059474 0.018226 0.000010
0.064107 0.000010 0.001335 0.866818 0.000010 0.058386 0.009325 0.000010
0.080158 0.013421 0.001567 0.870748 0.000010 0.031809 0.000010 0.002276
0.043818 0.000010 0.000010 0.880123 0.000010 0.064873 0.011146 0.000010
0.063761 0.008107 0.000010 0.926948 0.000010 0.000010 0.000010 0.001143
0.066884 0.000010 0.002549 0.862929 0.000010 0.041467 0.000010 0.026142
0.045834 0.015522 0.010768 0.756766 0.000010 0.153518 0.003837 0.013746
0.067330 0.000010 0.013153 0.889585 0.021227 0.008676 0.000010 0.000010
0.060238 0.011988 0.007020 0.902348 0.000010 0.000010 0.018376 0.000010
0.058215 0.000010 0.008612 0.811717 0.000010 0.101898 0.010781 0.008757
0.075067 0.000775 0.012305 0.904961 0.000010 0.006861 0.000010 0.000010
0.053790 0.002394 0.004139 0.891478 0.000010 0.029658 0.018521 0.000010
0.076421 0.000010 0.004084 0.900423 0.000010 0.000010 0.000455 0.018586
0.033766 0.006953 0.002476 0.850158 0.000010 0.101624 0.000010 0.005003
0.053419 0.009576 0.005863 0.877414 0.009891 0.035255 0.008572 0.000010
0.064132 0.000010 0.004735 0.885734 0.026317 0.018236 0.000825 0.000010
0.050050 0.000010 0.000010 0.887532 0.000010 0.045771 0.004992 0.011624
0.089150 0.013359 0.001190 0.861350 0.000010 0.030289 0.004642 0.000010
0.057858 0.000010 0.005123 0.892371 0.000010 0.029513 0.008824 0.006292
0.075782 0.000010 0.000010 0.909825 0.000010 0.000010 0.014343 0.000010
0.070440 0.004761 0.006421 0.853513 0.000010 0.051941 0.000010 0.012905
0.056403 0.000895 0.000010 0.862578 0.000010 0.044140 0.008893 0.027072
0.075579 0.004425 0.005566 0.878404 0.000010 0.000010 0.000010 0.035995
0.054438 0.001300 0.002512 0.892258 0.000010 0.019002 0.005939 0.024541
0.042958 0.009460 0.002118 0.879961 0.017691 0.019913 0.000643 0.027257
0.070010 0.013941 0.000010 0.890068 0.000010 0.000010 0.025941 0.000010
0.064145 0.008340 0.000010 0.861029 0.000010 0.017244 0.012070 0.037152
0.094357 0.000010 0.000010 0.855146 0.000010 0.046271 0.004187 0.000010
0.073837 0.000735 0.009552 0.883561 0.000010 0.000010 0.015537 0.016758
0.070795 0.000953 0.000010 0.885703 0.000010 0.011013 0.030246 0.001270
0.061715 0.000010 0.001432 0.838758 0.003787 0.063435 0.007449 0.023414
0.081738 0.000010 0.000010 0.892614 0.000010 0.025599 0.000010 0.000010
0.082867 0.002395 0.000010 0.873561 0.000010 0.000010 0.011704 0.029443
0.075631 0.000615 0.003473 0.897206 0.000010 0.000010 0.014759 0.008296
0.066191 0.000010 0.022994 0.821879 0.000010 0.085390 0.000010 0.003517
0.093227 0.000010 0.000010 0.769474 0.070295 0.014488 0.049132 0.003363
0.081547 0.003450 0.005382 0.889168 0.002434 0.000010 0.000010 0.017999
0.034705 0.006719 0.005251 0.906380 0.018457 0.000351 0.006743 0.021394
0.032275 0.000486 0.000010 0.818561 0.018250 0.110755 0.007357 0.012305
0.054030 0.004482 0.000758 0.913501 0.000010 0.000010 0.000010 0.027199
0.075306 0.000350 0.011580 0.886116 0.000010 0.000010 0.015324 0.011304
0.067178 0.010118 0.009595 0.913070 0.000010 0.000010 0.000010 0.000010
0.052045 0.002133 0.000010 0.880660 0.000010 0.011873 0.011541 0.041730
0.327264 0.000010 0.000229 0.000010 0.672457 0.000010 0.000010 0.000010
0.305293 0.000010 0.000010 0.000010 0.685742 0.000010 0.008916 0.000010
0.297271 0.000010 0.000010 0.000010 0.702669 0.000010 0.000010 0.000010
0.255607 0.000010 0.000010 0.000010 0.744333 0.000010 0.000010 0.000010
0.301071 0.000010 0.007599 0.000010 0.684586 0.000010 0.006704 0.000010
0.312064 0.000010 0.004286 0.000010 0.683601 0.000010 0.000010 0.000010
0.289400 0.000010 0.000010 0.000010 0.710539 0.000010 0.000010 0.000010
0.328068 0.000010 0.000411 0.000010 0.668977 0.000010 0.000010 0.002505
0.267619 0.000010 0.000010 0.000010 0.732321 0.000010 0.000010 0.000010
0.285760 0.000010 0.000010 0.000010 0.714180 0.000010 0.000010 0.000010
0.287794 0.000935 0.000010 0.000010 0.711221 0.000010 0.000010 0.000010
0.290596 0.000010 0.000010 0.000010 0.709344 0.000010 0.000010 0.000010
0.259453 0.000010 0.000010 0.000010 0.740487 0.000010 0.000010 0.000010
0.304624 0.000010 0.000010 0.000010 0.684750 0.000010 0.004678 0.005909
0.310945 0.000010 0.008557 0.000010 0.680448 0.000010 0.000010 0.000010
0.325598 0.000010 0.000010 0.000010 0.671436 0.000010 0.002916 0.000010
0.282930 0.000010 0.000716 0.000010 0.709624 0.000010 0.006689 0.000010
0.298274 0.000010 0.001235 0.000010 0.700441 0.000010 0.000010 0.000010
0.326090 0.000010 0.000010 0.000010 0.673850 0.000010 0.000010 0.000010
0.300345 0.000010 0.003241 0.000010 0.696363 0.000010 0.000010 0.000010
0.288079 0.000010 0.000010 0.000010 0.711861 0.000010 0.000010 0.000010
0.325670 0.000010 0.000010 0.002593 0.671687 0.000010 0.000010 0.000010
0.282967 0.000010 0.001327 0.000010 0.707372 0.000010 0.008294 0.000010
0.278726 0.000010 0.000010 0.000010 0.721214 0.000010 0.000010 0.000010
0.329282 0.000010 0.000010 0.000010 0.670658 0.000010 0.000010 0.000010
0.281151 0.000010 0.000010 0.000010 0.718789 0.000010 0.000010 0.000010
0.333793 0.000010 0.000370 0.000010 0.665787 0.000010 0.000010 0.000010
0.287336 0.000010 0.005772 0.000010 0.699991 0.000010 0.006860 0.000010
0.320014 0.000010 0.000010 0.000010 0.677426 0.000010 0.002510 0.000010
0.301312 0.000011 0.008980 0.000010 0.681402 0.000010 0.008265 0.000010
0.363191 0.000010 0.000010 0.000010 0.636749 0.000010 0.000010 0.000010
0.296321 0.000010 0.000010 0.000010 0.703619 0.000010 0.000010 0.000010
0.270740 0.000010 0.005000 0.000468 0.723752 0.000010 0.000010 0.000010
0.342617 0.000010 0.002216 0.000010 0.647409 0.000010 0.007718 0.000010
0.316080 0.000010 0.003000 0.000010 0.677314 0.000010 0.003566 0.000010
0.280706 0.003161 0.000010 0.000010 0.716083 0.000010 0.000010 0.000010
0.313453 0.000010 0.004505 0.000010 0.675611 0.000015 0.006386 0.000010
0.318600 0.000010 0.000010 0.000010 0.674572 0.000010 0.000010 0.006778
0.272528 0.000010 0.000010 0.000010 0.727412 0.000010 0.000010 0.000010
0.273456 0.000010 0.000010 0.000010 0.726484 0.000010 0.000010 0.000010
0.323447 0.000010 0.000010 0.000010 0.674585 0.001319 0.000609 0.000010
0.283292 0.000010 0.000010 0.000010 0.715567 0.000010 0.001091 0.000010
0.017419 0.077124 0.001008 0.420785 0.000010 0.358875 0.124770 0.000010
0.000010 0.165668 0.004040 0.255090 0.000010 0.324696 0.205314 0.045172
0.000894 0.078463 0.015465 0.406064 0.000010 0.345626 0.134105 0.019373
0.324263 0.000010 0.000010 0.000010 0.675677 0.000010 0.000010 0.000010
0.321507 0.000010 0.000010 0.000011 0.676053 0.000010 0.002389 0.000010
0.395395 0.000010 0.000010 0.000010 0.604545 0.000010 0.000010 0.000010
0.301139 0.000010 0.008645 0.000010 0.690166 0.000010 0.000010 0.000010
0.325129 0.000010 0.000010 0.000010 0.674811 0.000010 0.000010 0.000010
0.306288 0.000010 0.000010 0.000010 0.687787 0.000010 0.005875 0.000010
0.321788 0.000010 0.000010 0.000010 0.678152 0.000010 0.000010 0.000010
0.345085 0.000010 0.000903 0.000010 0.653766 0.000206 0.000010 0.000010
0.235474 0.000010 0.005236 0.000010 0.759240 0.000010 0.000010 0.000010
0.330457 0.000011 0.000010 0.000010 0.669482 0.000010 0.000010 0.000010
0.345502 0.000010 0.000010 0.000010 0.654438 0.000010 0.000010 0.000010
0.299217 0.000010 0.000010 0.000010 0.680465 0.000010 0.000010 0.020268
0.435898 0.000010 0.000010 0.005232 0.540198 0.007861 0.010781 0.000010
0.335473 0.000010 0.000010 0.000010 0.664467 0.000010 0.000010 0.000010
0.321523 0.000010 0.000010 0.000010 0.678417 0.000010 0.000010 0.000010
0.297789 0.000010 0.000010 0.000010 0.702151 0.000010 0.000010 0.000010
0.308387 0.000010 0.000010 0.000010 0.691553 0.000010 0.000010 0.000010
0.353556 0.000010 0.000010 0.000010 0.646384 0.000010 0.000010 0.000010
0.340897 0.000012 0.001987 0.000010 0.657064 0.000010 0.000010 0.000010
0.293877 0.000010 0.000010 0.000010 0.706063 0.000010 0.000010 0.000010
0.347011 0.000010 0.000010 0.000010 0.652929 0.000010 0.000010 0.000010
0.333324 0.000010 0.000010 0.000010 0.666616 0.000010 0.000010 0.000010
0.323969 0.000010 0.000010 0.000010 0.675971 0.000010 0.000010 0.000010
0.302212 0.000010 0.000010 0.000010 0.697728 0.000010 0.000010 0.000010
0.308114 0.000010 0.000010 0.000010 0.691826 0.000010 0.000010 0.000010
0.293873 0.000010 0.000018 0.000010 0.706059 0.000010 0.000010 0.000010
0.288158 0.000010 0.004209 0.000010 0.702465 0.000010 0.005128 0.000010
0.279235 0.000010 0.000010 0.000010 0.720705 0.000010 0.000010 0.000010
0.268378 0.000010 0.016005 0.000010 0.713657 0.000010 0.000010 0.001920
0.281453 0.000011 0.000010 0.000011 0.718485 0.000010 0.000010 0.000010
0.332078 0.000010 0.009067 0.000010 0.658804 0.000010 0.000010 0.000010
0.319911 0.000010 0.000010 0.000010 0.680029 0.000010 0.000010 0.000010
0.341840 0.000010 0.000010 0.000010 0.658100 0.000010 0.000010 0.000010
0.299355 0.000010 0.005638 0.000010 0.694957 0.000010 0.000010 0.000010
0.279779 0.000010 0.000010 0.000010 0.720161 0.000010 0.000010 0.000010
0.005880 0.164733 0.015176 0.369550 0.007485 0.311272 0.125650 0.000254
0.000010 0.155865 0.015334 0.338599 0.000010 0.320651 0.169522 0.000010
0.000010 0.060175 0.018314 0.434283 0.000010 0.390650 0.096546 0.000010
0.005378 0.076924 0.002593 0.392237 0.005567 0.363071 0.154220 0.000010
0.182288 0.000010 0.000010 0.000010 0.817652 0.000010 0.000010 0.000010
0.211937 0.000010 0.000010 0.000010 0.779392 0.000010 0.008621 0.000010
0.197190 0.000010 0.000010 0.000010 0.802750 0.000010 0.000010 0.000010
0.234937 0.000010 0.000010 0.000010 0.765003 0.000010 0.000010 0.000010
0.221024 0.000010 0.014705 0.000010 0.764221 0.000010 0.000010 0.000010
0.238364 0.000010 0.004690 0.000010 0.753975 0.000010 0.002931 0.000010
0.219218 0.000010 0.000010 0.000010 0.779699 0.000010 0.001032 0.000010
0.206096 0.000010 0.000010 0.000010 0.782720 0.000010 0.011134 0.000010
0.224724 0.000010 0.005108 0.000010 0.770119 0.000010 0.000010 0.000010
0.204565 0.000010 0.008312 0.000010 0.786333 0.000010 0.000749 0.000010
0.223521 0.000010 0.002087 0.000010 0.774342 0.000010 0.000011 0.000010
0.233618 0.000010 0.000010 0.000010 0.766322 0.000010 0.000010 0.000010
0.197526 0.000010 0.009311 0.000010 0.786284 0.000013 0.006836 0.000010
0.234348 0.000010 0.000010 0.000010 0.765592 0.000010 0.000010 0.000010
0.254314 0.000010 0.000010 0.000010 0.745626 0.000010 0.000010 0.000010
0.205980 0.000010 0.003321 0.000010 0.780223 0.003411 0.007036 0.000010
0.206801 0.000010 0.005653 0.000010 0.777239 0.000010 0.010266 0.000010
0.240708 0.003660 0.000663 0.000010 0.751698 0.000010 0.003241 0.000010
0.205347 0.000010 0.000010 0.000010 0.794593 0.000010 0.000010 0.000010
0.273900 0.000010 0.000010 0.000010 0.724786 0.000010 0.001265 0.000010
0.259680 0.000010 0.000010 0.000010 0.740260 0.000010 0.000010 0.000010
0.235935 0.000010 0.004021 0.000010 0.759993 0.000010 0.000011 0.000010
0.199321 0.000010 0.004738 0.000010 0.795891 0.000010 0.000010 0.000010
0.203464 0.000010 0.001583 0.000010 0.794903 0.000010 0.000010 0.000010
0.223255 0.000010 0.000010 0.000010 0.772167 0.004529 0.000010 0.000010
0.207675 0.000010 0.000010 0.006927 0.783880 0.001478 0.000011 0.000010
0.202684 0.000010 0.000010 0.000010 0.794800 0.000010 0.000010 0.002465
0.219663 0.000010 0.000010 0.000010 0.780277 0.000010 0.000010 0.000010
0.000010 0.025331 0.011179 0.448539 0.000010 0.425325 0.086549 0.003058
0.000010 0.051821 0.022181 0.432644 0.000010 0.372088 0.109408 0.011838
0.017505 0.096312 0.001866 0.367088 0.004453 0.314409 0.198357 0.000010
0.003130 0.050192 0.008151 0.493348 0.000010 0.334297 0.109029 0.001843
0.000010 0.076593 0.009080 0.447183 0.000010 0.352368 0.114746 0.000010
0.000010 0.044753 0.015040 0.569731 0.000010 0.308087 0.062358 0.000010
0.000357 0.121267 0.007751 0.355171 0.000010 0.370702 0.144731 0.000010
0.000010 0.069480 0.000010 0.481824 0.000010 0.384940 0.063716 0.000010
0.000010 0.088679 0.012282 0.352794 0.000010 0.315788 0.230427 0.000010
0.023443 0.000010 0.004019 0.000010 0.966214 0.000010 0.000010 0.006284
0.006360 0.000010 0.013132 0.000010 0.980458 0.000010 0.000010 0.000010
0.029338 0.000012 0.009480 0.000010 0.941821 0.000010 0.009991 0.009338
0.000362 0.000010 0.006823 0.000010 0.985827 0.000010 0.006948 0.000010
0.038729 0.000010 0.001791 0.002141 0.922710 0.000010 0.007348 0.027261
0.013321 0.000010 0.019892 0.000010 0.958363 0.000010 0.008384 0.000010
0.015506 0.000010 0.014882 0.000010 0.966576 0.000010 0.000010 0.002997
0.008872 0.000010 0.024832 0.000010 0.961606 0.000010 0.004650 0.000010
0.049082 0.000010 0.009452 0.000010 0.918157 0.000010 0.012926 0.010352
0.070932 0.000010 0.012746 0.000010 0.896929 0.000014 0.000010 0.019348
0.022703 0.000010 0.010232 0.000010 0.966468 0.000010 0.000556 0.000010
0.023504 0.000010 0.017766 0.000010 0.956511 0.000010 0.000010 0.002179
0.008021 0.000010 0.014059 0.000010 0.977870 0.000010 0.000010 0.000010
0.046398 0.000010 0.020145 0.000010 0.928908 0.000010 0.004509 0.000010
0.023212 0.000010 0.005695 0.000010 0.971043 0.000010 0.000010 0.000010
0.000010 0.086442 0.000010 0.469895 0.000010 0.342917 0.100706 0.000010
0.001866 0.112393 0.012710 0.373018 0.015901 0.346496 0.137606 0.000010
0.000010 0.221183 0.000010 0.357852 0.007389 0.286079 0.127467 0.000010
0.000010 0.208328 0.009495 0.311589 0.000010 0.255698 0.191700 0.023169
0.000010 0.201679 0.008949 0.325880 0.003530 0.273021 0.181867 0.005063
0.015855 0.068683 0.004811 0.386934 0.000010 0.381603 0.142095 0.000010
0.000010 0.109948 0.007441 0.420420 0.023811 0.334543 0.103817 0.000010
0.000010 0.125257 0.005998 0.379559 0.005993 0.316762 0.166411 0.000010
0.016504 0.091486 0.005194 0.454518 0.000016 0.323503 0.108770 0.000010
0.005263 0.064241 0.001874 0.408902 0.000010 0.380432 0.139268 0.000010
0.000010 0.311376 0.002364 0.256794 0.013574 0.278208 0.137663 0.000010
0.000010 0.177017 0.001699 0.365456 0.019601 0.320568 0.115639 0.000010
0.022860 0.061187 0.000010 0.426016 0.000010 0.357722 0.132186 0.000010
0.000010 0.093553 0.012419 0.411481 0.000010 0.347920 0.134597 0.000010
0.000010 0.064745 0.010341 0.364862 0.000010 0.367914 0.171020 0.021098
0.000010 0.054910 0.000010 0.427789 0.000010 0.357644 0.157125 0.002502
0.000010 0.092014 0.010039 0.373932 0.000010 0.393372 0.130614 0.000010
0.003938 0.069246 0.009568 0.409066 0.008323 0.354022 0.145828 0.000010
0.003871 0.111288 0.004877 0.499491 0.003197 0.332468 0.044797 0.000010
0.005686 0.193740 0.021032 0.312412 0.015668 0.262132 0.169780 0.019549
0.000010 0.159493 0.011556 0.347668 0.001888 0.337496 0.124740 0.017148
0.000010 0.081646 0.008428 0.375533 0.000010 0.313187 0.221177 0.000010
0.025647 0.202665 0.003781 0.313476 0.002762 0.311578 0.140080 0.000010
0.000010 0.091783 0.000010 0.373221 0.000010 0.358612 0.167793 0.008560
0.000293 0.107962 0.000010 0.397703 0.045804 0.335657 0.109254 0.003317
0.000010 0.133073 0.007787 0.336710 0.008406 0.316863 0.182141 0.015011
0.000010 0.167628 0.000010 0.401853 0.000010 0.309716 0.120763 0.000010
0.014685 0.163228 0.004476 0.373075 0.000010 0.297588 0.133742 0.013196
0.017316 0.224796 0.004771 0.337484 0.000010 0.279691 0.128986 0.006945
0.000010 0.138047 0.003161 0.406668 0.018314 0.318835 0.114955 0.000010
0.008458 0.095728 0.003640 0.422856 0.000010 0.336001 0.133296 0.000010
0.000010 0.082632 0.019374 0.388234 0.031018 0.329200 0.149523 0.000010
0.000010 0.093853 0.004046 0.394208 0.000010 0.355064 0.139716 0.013093
0.000849 0.137250 0.007739 0.349340 0.015008 0.326210 0.163594 0.000010
0.000010 0.174673 0.000010 0.399144 0.002473 0.297151 0.126529 0.000010
0.000010 0.082387 0.000010 0.425091 0.004935 0.352521 0.127024 0.008023
0.000010 0.061138 0.003312 0.458288 0.000010 0.378220 0.092131 0.006890
0.000010 0.213401 0.000010 0.317405 0.011101 0.333998 0.124065 0.000010
0.000017 0.621849 0.005010 0.205391 0.000010 0.097200 0.058719 0.011804
0.013910 0.132064 0.002535 0.355844 0.004960 0.342252 0.148426 0.000010
0.002348 0.108057 0.000153 0.404707 0.011229 0.331555 0.141940 0.000010
0.000010 0.033204 0.009047 0.547118 0.000010 0.330030 0.072988 0.007593
0.003733 0.001470 0.004406 0.371061 0.008135 0.313073 0.298112 0.000010
0.010441 0.008890 0.000010 0.482681 0.000010 0.372910 0.108894 0.016163
0.016452 0.042889 0.010490 0.333468 0.007852 0.341514 0.247326 0.000010
0.000010 0.060654 0.010850 0.372636 0.000010 0.328141 0.227690 0.000010
0.006315 0.136931 0.004382 0.338358 0.000010 0.249941 0.264054 0.000010
0.000010 0.091861 0.017407 0.320217 0.001665 0.299779 0.257572 0.011489
0.000010 0.064470 0.010455 0.359443 0.000010 0.293654 0.249863 0.022095
0.003236 0.068652 0.000010 0.378116 0.000010 0.297578 0.249300 0.003099
0.020060 0.010876 0.001653 0.479489 0.000010 0.341430 0.146473 0.000010
0.000010 0.125112 0.023093 0.329209 0.000374 0.296465 0.225728 0.000010
0.000010 0.104314 0.002435 0.288626 0.022382 0.301434 0.280790 0.000010
0.000010 0.020069 0.006479 0.336011 0.007840 0.292878 0.315093 0.021620
0.000010 0.177958 0.000010 0.307404 0.003878 0.239864 0.270865 0.000010
0.000010 0.042476 0.006991 0.371646 0.000010 0.302102 0.252137 0.024628
0.000010 0.199441 0.000010 0.228519 0.002094 0.208469 0.341972 0.019485
0.000010 0.072593 0.009508 0.391046 0.000010 0.281966 0.243924 0.000944
0.000010 0.094174 0.001194 0.231320 0.031408 0.210386 0.431500 0.000010
0.000010 0.185518 0.014933 0.342817 0.015404 0.290522 0.150786 0.000010
0.000010 0.094210 0.012261 0.344014 0.006754 0.355478 0.155829 0.031443
0.000010 0.084285 0.000010 0.398660 0.000010 0.376553 0.131351 0.009121
0.000010 0.224032 0.000010 0.347423 0.014870 0.268598 0.145047 0.000010
0.008350 0.014532 0.000010 0.403246 0.000010 0.472128 0.064108 0.037616
0.000010 0.118376 0.000010 0.349064 0.009996 0.367033 0.155501 0.000010
0.005958 0.191500 0.000010 0.346074 0.023390 0.306255 0.126803 0.000010
0.000010 0.069983 0.007961 0.469806 0.000010 0.399806 0.052413 0.000010
0.000010 0.069374 0.020758 0.483625 0.000817 0.321172 0.097809 0.006434
0.000010 0.094899 0.021515 0.411853 0.000010 0.316124 0.155579 0.000010
0.019982 0.064522 0.001976 0.381252 0.003393 0.334658 0.170119 0.024097
0.000010 0.135346 0.009638 0.371393 0.000010 0.330901 0.149597 0.003106
0.000010 0.124107 0.000010 0.404286 0.010314 0.283705 0.177558 0.000010
0.041738 0.174725 0.006600 0.303518 0.000010 0.249562 0.223836 0.000010
0.013530 0.190129 0.000010 0.278742 0.022426 0.280529 0.207613 0.007019
0.000010 0.147679 0.022026 0.328049 0.009853 0.276357 0.216017 0.000010
0.000010 0.077044 0.000010 0.344959 0.000010 0.339872 0.202711 0.035384
0.000010 0.051579 0.007356 0.426176 0.000010 0.371206 0.143653 0.000010
0.006163 0.168710 0.017171 0.359598 0.000533 0.297073 0.150742 0.000010
0.000583 0.030474 0.009702 0.467845 0.000010 0.365701 0.098806 0.026879
0.000010 0.086574 0.008437 0.411986 0.023196 0.331463 0.123143 0.015192
0.000010 0.124488 0.009635 0.455744 0.000010 0.309014 0.101089 0.000010
0.000010 0.698399 0.000010 0.139794 0.000010 0.080974 0.080794 0.000010
0.000010 0.519559 0.011246 0.257811 0.000010 0.161417 0.040304 0.009643
0.007831 0.196658 0.006787 0.316104 0.022866 0.283104 0.166639 0.000010
0.000010 0.094029 0.006737 0.361910 0.013286 0.359244 0.122622 0.042161
0.007623 0.078775 0.001708 0.288366 0.000010 0.295708 0.308746 0.019065
0.020249 0.008106 0.005271 0.424867 0.000010 0.305789 0.235698 0.000010
0.020264 0.035757 0.006023 0.385889 0.000010 0.341847 0.210200 0.000010
0.000010 0.157314 0.001901 0.272593 0.014260 0.258663 0.295248 0.000010
0.000010 0.002594 0.000010 0.470214 0.009150 0.356465 0.159956 0.001601
0.000010 0.010909 0.015269 0.389938 0.000010 0.301992 0.281861 0.000010
0.011286 0.037211 0.000010 0.502174 0.004276 0.338763 0.106270 0.000010
0.011566 0.119710 0.007477 0.333930 0.000010 0.247248 0.280049 0.000010
0.012451 0.048281 0.013920 0.364519 0.000010 0.308067 0.252741 0.000010
0.000010 0.095512 0.000010 0.331680 0.027982 0.291259 0.253536 0.000010
0.000010 0.182149 0.005577 0.309079 0.027439 0.212933 0.262803 0.000010
0.016684 0.002834 0.003126 0.585290 0.000010 0.354861 0.034522 0.002673
0.000010 0.014814 0.013487 0.339595 0.002104 0.295329 0.334650 0.000010
0.003609 0.020016 0.000010 0.385721 0.017302 0.303386 0.269945 0.000010
0.000010 0.028129 0.009625 0.413058 0.010962 0.288488 0.249718 0.000010
0.016728 0.061895 0.017659 0.338485 0.008596 0.332216 0.222556 0.001865
0.000965 0.220449 0.000010 0.333570 0.000010 0.296520 0.148466 0.000010
0.000010 0.111450 0.006759 0.333896 0.000010 0.353863 0.175256 0.018756
0.003821 0.134490 0.000010 0.377965 0.017519 0.289279 0.166301 0.010615
0.022713 0.156091 0.005077 0.351566 0.000010 0.294875 0.169658 0.000010
0.000010 0.215968 0.010380 0.338212 0.000010 0.254431 0.157544 0.023445
0.002454 0.100604 0.002324 0.424031 0.024491 0.366714 0.078266 0.001115
0.000342 0.124648 0.005806 0.411701 0.000010 0.331062 0.124113 0.002318
0.000010 0.090662 0.000010 0.349741 0.022647 0.360528 0.176392 0.000010
0.000010 0.130083 0.003969 0.424098 0.006276 0.338137 0.092629 0.004798
0.002287 0.093322 0.008857 0.395813 0.000010 0.326704 0.172996 0.000010
0.000010 0.000010 0.001290 0.712905 0.000010 0.265996 0.014649 0.005129
0.013630 0.000010 0.000010 0.203403 0.008618 0.211756 0.562563 0.000010
0.000010 0.355646 0.004350 0.244675 0.004000 0.188860 0.202448 0.000010
0.000010 0.034373 0.004485 0.351060 0.000010 0.221172 0.388879 0.000010
0.006849 0.064625 0.000010 0.374789 0.000010 0.318794 0.203104 0.031818
0.000010 0.033983 0.000010 0.298064 0.022691 0.263927 0.381306 0.000010
0.002160 0.049747 0.013957 0.275418 0.000010 0.261718 0.379089 0.017900
0.000010 0.012176 0.009470 0.443038 0.000010 0.273988 0.261297 0.000010
0.002599 0.017244 0.000010 0.430021 0.000010 0.339824 0.206914 0.003378
0.000010 0.014407 0.015033 0.422200 0.014161 0.372278 0.161901 0.000010
0.000010 0.058494 0.013787 0.326850 0.010066 0.278146 0.301228 0.011419
0.005044 0.011193 0.000010 0.406727 0.000010 0.308448 0.268558 0.000010
0.000010 0.065658 0.000938 0.381712 0.001637 0.286974 0.241814 0.021256
0.008992 0.054637 0.014219 0.363821 0.000010 0.326731 0.231350 0.000240
0.020340 0.110456 0.004321 0.330556 0.000010 0.302379 0.231928 0.000010
0.000010 0.199610 0.010796 0.313582 0.005175 0.194436 0.276381 0.000010
0.000010 0.112452 0.012137 0.365796 0.009990 0.229920 0.254216 0.015481
0.022704 0.128945 0.000010 0.390572 0.000010 0.237789 0.219960 0.000010
0.000010 0.150239 0.000010 0.162956 0.010573 0.167713 0.507245 0.001254
0.000010 0.031690 0.005300 0.364241 0.000010 0.284193 0.314546 0.000010
0.000010 0.029656 0.000070 0.413483 0.003744 0.292218 0.260808 0.000010
0.000212 0.148539 0.000010 0.300191 0.001760 0.262580 0.286697 0.000010
0.003392 0.080474 0.008411 0.335862 0.016387 0.263091 0.292372 0.000010
0.000010 0.049061 0.009798 0.322466 0.000010 0.247453 0.366533 0.004669
0.000010 0.027363 0.000058 0.419916 0.000996 0.287234 0.250868 0.013555
0.000010 0.054195 0.003401 0.361227 0.010454 0.320640 0.247125 0.002947
0.000010 0.065361 0.014745 0.442103 0.000010 0.321437 0.141998 0.014336
0.002513 0.261552 0.005355 0.235516 0.000010 0.206254 0.288790 0.000010
0.016572 0.172609 0.009635 0.366797 0.005258 0.253510 0.170529 0.005089
0.000010 0.209036 0.007701 0.342211 0.018512 0.269166 0.146435 0.006929
0.000010 0.081216 0.000010 0.413127 0.007224 0.374070 0.124333 0.000010
0.000010 0.166660 0.007382 0.339024 0.000010 0.280107 0.206797 0.000010
0.000010 0.143911 0.008867 0.361059 0.000010 0.308015 0.168536 0.009593
0.006001 0.165592 0.017626 0.357518 0.000010 0.274185 0.179058 0.000010
0.000010 0.173450 0.005391 0.347915 0.015280 0.294680 0.142666 0.020607
0.000010 0.103269 0.000010 0.396642 0.019734 0.376681 0.102102 0.001551
0.000010 0.087559 0.007610 0.365490 0.002930 0.304194 0.232197 0.000010
0.000010 0.123456 0.006769 0.349288 0.015271 0.329196 0.176001 0.000010
0.000666 0.136476 0.000010 0.357551 0.008109 0.301164 0.167828 0.028195
0.009489 0.092421 0.000010 0.336750 0.000010 0.287209 0.274101 0.000010
0.000010 0.025603 0.010953 0.386748 0.025769 0.315637 0.230509 0.004771
0.008363 0.038425 0.005748 0.225559 0.000010 0.212579 0.509306 0.000010
0.000010 0.010087 0.000010 0.477275 0.025092 0.382077 0.105438 0.000010
0.000010 0.022865 0.006462 0.541215 0.000010 0.392511 0.036917 0.000010
0.000010 0.174463 0.006488 0.361912 0.003620 0.232828 0.213213 0.007465
0.014764 0.012050 0.001072 0.302608 0.011323 0.232866 0.395166 0.030150
0.019353 0.023522 0.001477 0.225073 0.000010 0.180876 0.549680 0.000010
0.004110 0.095468 0.000010 0.330485 0.021931 0.287542 0.260444 0.000010
0.000010 0.070680 0.007433 0.371916 0.000596 0.313812 0.235543 0.000010
0.022964 0.029512 0.001129 0.294971 0.000010 0.276944 0.374460 0.000010
0.000756 0.056157 0.000010 0.295401 0.017916 0.242309 0.362265 0.025186
0.000010 0.035010 0.000010 0.314523 0.000010 0.248068 0.402359 0.000010
0.000010 0.169801 0.007428 0.194823 0.000010 0.217112 0.385698 0.025118
0.000010 0.298806 0.004097 0.214766 0.012419 0.165707 0.300688 0.003508
0.000010 0.205118 0.012904 0.268005 0.000010 0.232786 0.281156 0.000010
0.010175 0.008092 0.000756 0.426233 0.000010 0.367938 0.186785 0.000010
0.000010 0.011786 0.003006 0.395784 0.008009 0.391445 0.182871 0.007089
0.010982 0.035461 0.007276 0.320102 0.012457 0.253521 0.349848 0.010353
0.001853 0.018831 0.000010 0.465689 0.000010 0.341869 0.171728 0.000010
0.000010 0.037970 0.002401 0.473228 0.000010 0.380929 0.105442 0.000010
0.008330 0.339606 0.000010 0.244346 0.000010 0.151397 0.237996 0.018305
0.000010 0.026987 0.000010 0.315973 0.000010 0.291131 0.365869 0.000010
0.000010 0.154376 0.002866 0.417403 0.009636 0.263111 0.138681 0.013917
0.003382 0.024114 0.004275 0.474253 0.000010 0.369950 0.123468 0.000548
0.000010 0.007040 0.015025 0.458321 0.002220 0.371089 0.146284 0.000010
0.000010 0.021073 0.000010 0.420217 0.000010 0.338553 0.198749 0.021378
0.023421 0.106647 0.000010 0.297862 0.000010 0.188299 0.383741 0.000010
0.000010 0.110882 0.000010 0.285265 0.026219 0.210733 0.366871 0.000010
0.017492 0.041722 0.000010 0.338212 0.000010 0.252317 0.350228 0.000010
0.022916 0.054261 0.000010 0.310637 0.011849 0.275502 0.324816 0.000010
0.014419 0.011074 0.000010 0.542301 0.000010 0.416102 0.000010 0.016075
0.000010 0.016764 0.000010 0.543947 0.006370 0.410924 0.010423 0.011552
0.009794 0.000010 0.002815 0.584721 0.000010 0.393402 0.000010 0.009237
0.017016 0.021308 0.000010 0.479275 0.000010 0.482361 0.000010 0.000010
0.000010 0.008052 0.006172 0.573173 0.004967 0.398316 0.000010 0.009302
0.013345 0.022861 0.008265 0.558578 0.000103 0.395470 0.001369 0.000010
0.000010 0.015246 0.014669 0.518464 0.000010 0.443323 0.000010 0.008269
0.000010 0.000015 0.012013 0.535290 0.000010 0.445039 0.007613 0.000010
0.000010 0.000010 0.003214 0.626885 0.000010 0.369851 0.000010 0.000010
0.000010 0.003212 0.000739 0.597405 0.000024 0.391033 0.007173 0.000404
0.000010 0.001554 0.000010 0.636210 0.010220 0.351976 0.000010 0.000010
0.000010 0.000010 0.009412 0.622694 0.000720 0.365960 0.001185 0.000010
0.000010 0.003951 0.000010 0.654552 0.000010 0.341447 0.000010 0.000010
0.006882 0.000010 0.001582 0.635632 0.000010 0.353452 0.002422 0.000010
0.000010 0.000010 0.000010 0.648247 0.000010 0.351693 0.000010 0.000010
0.016926 0.000010 0.000010 0.644496 0.000010 0.338528 0.000010 0.000010
0.000010 0.004338 0.011268 0.572528 0.007558 0.404278 0.000010 0.000010
0.000010 0.019042 0.015360 0.557129 0.003981 0.404458 0.000010 0.000010
0.010335 0.016842 0.013697 0.530219 0.002875 0.426013 0.000010 0.000010
0.010344 0.009940 0.000010 0.536174 0.000010 0.437561 0.005951 0.000010
0.004911 0.019011 0.000010 0.541037 0.018556 0.410743 0.000010 0.005722
0.000010 0.027460 0.004547 0.565737 0.000624 0.396875 0.000010 0.004736
0.000010 0.014435 0.007727 0.589471 0.013710 0.372362 0.002275 0.000010
0.000010 0.019750 0.000010 0.579726 0.007197 0.383375 0.001267 0.008665
0.018932 0.039714 0.009250 0.381975 0.000010 0.325163 0.224945 0.000010
0.023231 0.389341 0.006727 0.202124 0.000010 0.168825 0.207569 0.002172
