0.348447 0.081994 0.534387 0.035161 0.000010
0.360781 0.062686 0.547482 0.029041 0.000010
0.000010 0.006174 0.097959 0.003057 0.892801
0.000010 0.007177 0.107810 0.000010 0.884993
0.986339 0.000010 0.013631 0.000010 0.000010
0.005615 0.916419 0.049657 0.005013 0.023296
0.000010 0.000010 0.035060 0.023953 0.940967
0.999960 0.000010 0.000010 0.000010 0.000010
0.030162 0.888375 0.021395 0.000674 0.059395
0.001144 0.984509 0.000010 0.000010 0.014327
0.008248 0.947971 0.035754 0.008017 0.000010
0.012405 0.000010 0.000010 0.987565 0.000010
0.354141 0.062949 0.582890 0.000010 0.000010
0.000010 0.006570 0.000010 0.000010 0.993400
0.000017 0.999953 0.000010 0.000010 0.000010
0.001130 0.000787 0.023214 0.024258 0.950610
0.002037 0.000010 0.034169 0.022627 0.941157
0.000010 0.000010 0.020614 0.043531 0.935834
0.000010 0.000010 0.000404 0.032534 0.967042
0.000616 0.002702 0.000010 0.035645 0.961027
0.000010 0.000010 0.045321 0.030967 0.923692
0.011260 0.000010 0.000010 0.022366 0.966355
0.000010 0.000774 0.012348 0.031003 0.955865
0.000010 0.000926 0.023649 0.034244 0.941171
0.000010 0.000010 0.016414 0.032466 0.951100
0.000010 0.000010 0.000010 0.026467 0.973503
0.000010 0.000010 0.003514 0.037715 0.958751
0.005006 0.000010 0.000010 0.023413 0.971561
0.000010 0.000010 0.022043 0.014937 0.962999
0.000010 0.000010 0.021625 0.034191 0.944164
0.000010 0.000010 0.009969 0.029324 0.960688
0.000010 0.000010 0.015381 0.021303 0.963295
0.000010 0.000010 0.001331 0.027597 0.971052
0.000010 0.000010 0.022955 0.026758 0.950267
0.003272 0.000010 0.000010 0.039172 0.957535
0.000010 0.000010 0.023860 0.014424 0.961696
0.009444 0.000010 0.015554 0.035276 0.939716
0.000010 0.000010 0.000010 0.029339 0.970631
0.014841 0.000010 0.000010 0.010876 0.974263
0.000010 0.000010 0.000010 0.027443 0.972527
0.000010 0.000010 0.000010 0.032772 0.967198
0.000010 0.005923 0.008874 0.031243 0.953950
0.005543 0.010122 0.013480 0.038393 0.932462
0.000010 0.000010 0.018501 0.030702 0.950777
0.007019 0.000010 0.018134 0.018469 0.956369
0.000010 0.000010 0.026611 0.010925 0.962444
0.000010 0.000010 0.006007 0.026044 0.967928
0.000010 0.000010 0.013359 0.021139 0.965482
0.000010 0.000010 0.033004 0.025540 0.941436
0.000010 0.000010 0.013889 0.008941 0.977150
0.000010 0.000010 0.020480 0.013902 0.965598
0.000010 0.000010 0.025730 0.039939 0.934311
0.000010 0.003986 0.000312 0.023768 0.971925
0.004417 0.000010 0.013319 0.024154 0.958099
0.000010 0.000010 0.008175 0.012284 0.979521
0.002880 0.000010 0.000010 0.039658 0.957442
0.000010 0.010208 0.000010 0.025926 0.963846
0.000010 0.000010 0.000010 0.029792 0.970178
0.000010 0.000010 0.021083 0.012273 0.966624
0.000010 0.006618 0.007451 0.025378 0.960543
0.000010 0.000010 0.007891 0.021660 0.970428
0.000010 0.000583 0.024996 0.033411 0.941000
0.000010 0.000010 0.000010 0.024033 0.975937
0.000010 0.000220 0.011908 0.019359 0.968503
0.020996 0.000010 0.000010 0.014701 0.964283
0.008145 0.000010 0.043269 0.027649 0.920927
0.000017 0.000010 0.015497 0.028513 0.955964
0.001025 0.000010 0.021461 0.023688 0.953817
0.000010 0.000010 0.000010 0.024968 0.975002
0.000010 0.000010 0.000010 0.038354 0.961616
0.017267 0.000010 0.001974 0.031516 0.949233
0.002039 0.000010 0.003395 0.038473 0.956084
0.005787 0.000010 0.017341 0.041451 0.935411
0.010754 0.000010 0.009947 0.014699 0.964589
0.000010 0.000010 0.025817 0.026933 0.947230
0.066494 0.000010 0.000010 0.052747 0.880739
0.070052 0.000010 0.000010 0.051270 0.878657
0.036460 0.000010 0.000010 0.056437 0.907083
0.075939 0.000010 0.000010 0.043080 0.880961
0.062265 0.001430 0.000010 0.060780 0.875515
0.049022 0.000010 0.019764 0.050907 0.880297
0.054491 0.000010 0.000010 0.054362 0.891127
0.058793 0.000010 0.005897 0.055796 0.879505
0.067896 0.015662 0.000010 0.014932 0.901501
0.058908 0.000010 0.005992 0.077104 0.857986
0.061296 0.000010 0.019074 0.062788 0.856833
0.059425 0.000010 0.028653 0.046853 0.865060
0.052915 0.000010 0.010493 0.060514 0.876068
0.067923 0.000010 0.000010 0.070371 0.861686
0.041595 0.000735 0.015573 0.047211 0.894886
0.075259 0.000010 0.005558 0.057100 0.862073
0.045732 0.002570 0.003853 0.047866 0.899978
0.000010 0.000010 0.007648 0.046527 0.945805
0.000010 0.000010 0.034085 0.022837 0.943059
0.000010 0.005553 0.000516 0.021880 0.972041
0.000010 0.000010 0.037512 0.022637 0.939831
0.005098 0.000010 0.027348 0.020534 0.947010
0.000010 0.010418 0.003794 0.016110 0.969668
0.000010 0.000010 0.008188 0.034643 0.957149
0.000010 0.000010 0.029836 0.028147 0.941997
0.005412 0.016517 0.000010 0.024949 0.953113
0.000010 0.000010 0.005628 0.026892 0.967460
0.000010 0.000010 0.024111 0.034934 0.940936
0.000010 0.004036 0.006094 0.037100 0.952760
0.000010 0.003570 0.018529 0.028572 0.949319
0.000010 0.000010 0.009434 0.020675 0.969870
0.000010 0.000010 0.020552 0.020858 0.958570
0.011171 0.000010 0.000010 0.034858 0.953951
0.000663 0.000010 0.017671 0.021047 0.960609
0.000010 0.000010 0.017359 0.037841 0.944781
0.003287 0.000010 0.011832 0.022067 0.962803
0.000010 0.006720 0.002963 0.025535 0.964773
0.000010 0.009066 0.008244 0.021755 0.960924
0.000010 0.005523 0.007562 0.022545 0.964360
0.000965 0.002063 0.008138 0.023341 0.965494
0.000010 0.000116 0.020332 0.029044 0.950497
0.007744 0.000010 0.000010 0.013144 0.979092
0.000010 0.000010 0.000010 0.029579 0.970391
0.000010 0.000010 0.004405 0.032699 0.962876
0.002743 0.000010 0.000010 0.020972 0.976265
0.000010 0.000010 0.014237 0.017879 0.967864
0.001740 0.000010 0.030865 0.014906 0.952479
0.000010 0.000054 0.000010 0.030856 0.969070
0.000010 0.000010 0.000010 0.034058 0.965912
0.053935 0.012574 0.004658 0.053354 0.875480
0.051378 0.000010 0.015044 0.058561 0.875007
0.039559 0.000010 0.000010 0.060151 0.900270
0.050184 0.000010 0.017473 0.057420 0.874913
0.041078 0.000010 0.014105 0.043046 0.901762
0.074789 0.000010 0.022104 0.064866 0.838232
0.065529 0.000010 0.030855 0.046296 0.857309
0.063275 0.000010 0.000010 0.049169 0.887536
0.065277 0.000010 0.000010 0.044288 0.890415
0.043911 0.000010 0.019649 0.027657 0.908774
0.053723 0.006582 0.000010 0.074917 0.864769
0.027994 0.000010 0.017515 0.065579 0.888902
0.033983 0.000010 0.016778 0.063104 0.886124
0.069040 0.000010 0.006264 0.050105 0.874581
0.063021 0.000010 0.001436 0.061874 0.873659
0.076850 0.000010 0.003034 0.047788 0.872318
0.027750 0.004563 0.023148 0.069276 0.875263
0.073014 0.000010 0.000010 0.049940 0.877026
0.046057 0.000010 0.019726 0.062043 0.872164
0.073650 0.000010 0.014250 0.049276 0.862814
0.066533 0.000010 0.021585 0.045189 0.866683
0.075912 0.000010 0.000010 0.051160 0.872908
0.049593 0.000010 0.009836 0.063982 0.876580
0.062341 0.000010 0.010900 0.055143 0.871606
0.063764 0.000010 0.018202 0.046345 0.871679
0.057875 0.000010 0.005273 0.058855 0.877987
0.042795 0.000010 0.000010 0.046635 0.910550
0.036265 0.000150 0.005871 0.037138 0.920576
0.042628 0.001626 0.025431 0.059765 0.870550
0.068843 0.000010 0.015397 0.040355 0.875396
0.040225 0.001194 0.013015 0.059003 0.886563
0.053442 0.000010 0.000010 0.049437 0.897102
0.049367 0.002815 0.015051 0.061961 0.870805
0.059001 0.000010 0.000010 0.058805 0.882174
0.055383 0.000010 0.010657 0.054451 0.879499
0.059809 0.012980 0.004888 0.065224 0.857098
0.047070 0.000010 0.002437 0.058844 0.891639
0.069632 0.000010 0.003179 0.076861 0.850318
0.059513 0.000010 0.000010 0.076168 0.864299
0.048984 0.000010 0.025996 0.053651 0.871358
0.028644 0.002870 0.000010 0.061215 0.907261
0.035215 0.000010 0.011817 0.057829 0.895129
0.057344 0.000010 0.013588 0.042792 0.886266
0.039264 0.000010 0.014131 0.053431 0.893163
0.042402 0.000010 0.036791 0.056738 0.864059
0.028435 0.000010 0.000010 0.058916 0.912629
0.048031 0.000010 0.000010 0.054091 0.897859
0.065566 0.000010 0.003441 0.047246 0.883738
0.024713 0.000010 0.000010 0.054811 0.920455
0.049470 0.000010 0.000010 0.046464 0.904046
0.059027 0.000010 0.010965 0.042048 0.887949
0.023618 0.013173 0.023250 0.044778 0.895181
0.086362 0.000010 0.000010 0.038785 0.874834
0.051603 0.000010 0.000010 0.066708 0.881670
0.046608 0.000010 0.004535 0.051160 0.897686
0.067485 0.000010 0.000010 0.036934 0.895561
0.034065 0.000010 0.000010 0.064266 0.901649
0.060284 0.000010 0.009520 0.052848 0.877337
0.027278 0.000010 0.004956 0.037111 0.930645
0.056683 0.000010 0.000010 0.050686 0.892611
0.079808 0.000010 0.000010 0.046699 0.873473
0.024187 0.000010 0.007953 0.053924 0.913926
0.062838 0.001580 0.000010 0.056619 0.878954
0.040975 0.000010 0.003599 0.056887 0.898528
0.064470 0.000010 0.000010 0.063749 0.871761
0.056352 0.000010 0.007947 0.042639 0.893052
0.045014 0.000010 0.015240 0.049961 0.889775
0.061714 0.000010 0.037423 0.050589 0.850264
0.040416 0.000010 0.011623 0.053611 0.894339
0.053357 0.000010 0.020878 0.045172 0.880584
0.055011 0.003489 0.000010 0.072360 0.869131
0.048415 0.000010 0.024258 0.061586 0.865732
0.080822 0.000010 0.000010 0.046558 0.872600
0.053406 0.000010 0.030827 0.072346 0.843411
0.042002 0.000010 0.000010 0.081947 0.876031
0.057461 0.000010 0.012079 0.050470 0.879980
0.059432 0.000010 0.000010 0.049267 0.891281
0.070722 0.000010 0.012288 0.064740 0.852241
0.058106 0.000010 0.008846 0.064251 0.868787
0.058249 0.000010 0.011937 0.040649 0.889155
0.149717 0.000010 0.000010 0.094771 0.755492
0.074315 0.000010 0.001763 0.051558 0.872354
0.044440 0.000010 0.017652 0.054204 0.883694
0.042807 0.000010 0.000131 0.044849 0.912204
0.050415 0.000010 0.016446 0.043344 0.889784
0.047384 0.000010 0.015325 0.071569 0.865712
0.062709 0.000010 0.000010 0.046877 0.890394
0.027809 0.000010 0.028242 0.066996 0.876943
0.999960 0.000010 0.000010 0.000010 0.000010
0.986775 0.000010 0.000010 0.013195 0.000010
0.999678 0.000292 0.000010 0.000010 0.000010
0.999960 0.000010 0.000010 0.000010 0.000010
0.987355 0.000010 0.000010 0.012615 0.000010
0.999959 0.000010 0.000011 0.000010 0.000010
0.999960 0.000010 0.000010 0.000010 0.000010
0.992574 0.000010 0.007396 0.000010 0.000010
0.999960 0.000010 0.000010 0.000010 0.000010
0.999166 0.000010 0.000010 0.000804 0.000010
0.995128 0.003309 0.000010 0.001543 0.000010
0.999960 0.000010 0.000010 0.000010 0.000010
0.999960 0.000010 0.000010 0.000010 0.000010
0.984102 0.000010 0.007504 0.008375 0.000010
0.999960 0.000010 0.000010 0.000010 0.000010
0.994194 0.000010 0.000010 0.005776 0.000010
0.988160 0.000010 0.000010 0.011810 0.000010
0.999957 0.000012 0.000011 0.000010 0.000010
0.999960 0.000010 0.000010 0.000010 0.000010
0.995830 0.000010 0.000010 0.004140 0.000010
0.999960 0.000010 0.000010 0.000010 0.000010
0.991287 0.000010 0.000010 0.007566 0.001126
0.987554 0.000010 0.000010 0.012416 0.000010
0.999960 0.000010 0.000010 0.000010 0.000010
0.999960 0.000010 0.000010 0.000010 0.000010
0.999960 0.000010 0.000010 0.000010 0.000010
0.999958 0.000010 0.000010 0.000012 0.000010
0.989979 0.000010 0.000010 0.009991 0.000010
0.991575 0.000010 0.000010 0.008395 0.000010
0.988014 0.000010 0.000010 0.011955 0.000010
0.999959 0.000010 0.000011 0.000010 0.000010
0.999960 0.000010 0.000010 0.000010 0.000010
0.999084 0.000011 0.000010 0.000010 0.000885
0.981146 0.000010 0.002215 0.016619 0.000010
0.988977 0.000010 0.000010 0.010993 0.000010
0.992655 0.003819 0.000010 0.003506 0.000010
0.987078 0.000010 0.000010 0.012892 0.000010
0.992148 0.000010 0.007775 0.000057 0.000010
0.999960 0.000010 0.000010 0.000010 0.000010
0.999960 0.000010 0.000010 0.000010 0.000010
0.992403 0.000010 0.000010 0.004611 0.002966
0.995147 0.000010 0.000010 0.004823 0.000010
0.008677 0.089854 0.000010 0.135608 0.765851
0.000010 0.177942 0.045894 0.205724 0.570430
0.000010 0.090444 0.030051 0.142965 0.736529
0.993747 0.000010 0.000010 0.006223 0.000010
0.991509 0.000010 0.000010 0.008461 0.000010
0.991327 0.000010 0.000010 0.008643 0.000010
0.999960 0.000010 0.000010 0.000010 0.000010
0.999959 0.000010 0.000010 0.000010 0.000010
0.988231 0.000010 0.000010 0.011739 0.000010
0.995348 0.000010 0.000010 0.004622 0.000010
0.997594 0.000010 0.000010 0.000010 0.002376
0.999960 0.000010 0.000010 0.000010 0.000010
0.999960 0.000010 0.000010 0.000010 0.000010
0.991142 0.000010 0.000010 0.008828 0.000010
0.977660 0.000010 0.022310 0.000010 0.000010
0.963651 0.000010 0.000010 0.022416 0.013913
0.999960 0.000010 0.000010 0.000010 0.000010
0.999960 0.000010 0.000010 0.000010 0.000010
0.999959 0.000010 0.000010 0.000010 0.000010
0.999956 0.000010 0.000014 0.000010 0.000010
0.997436 0.000010 0.000010 0.002534 0.000010
0.999960 0.000010 0.000010 0.000010 0.000010
0.999960 0.000010 0.000010 0.000010 0.000010
0.991543 0.000010 0.000010 0.008427 0.000010
0.999960 0.000010 0.000010 0.000010 0.000010
0.999960 0.000010 0.000010 0.000010 0.000010
0.999960 0.000010 0.000010 0.000010 0.000010
0.998326 0.000010 0.000010 0.001644 0.000010
0.999960 0.000010 0.000010 0.000010 0.000010
0.992304 0.000010 0.000010 0.007666 0.000010
0.999960 0.000010 0.000010 0.000010 0.000010
0.988231 0.000010 0.011739 0.000010 0.000010
0.999960 0.000010 0.000010 0.000010 0.000010
0.997294 0.000010 0.000010 0.002676 0.000010
0.995783 0.000010 0.000010 0.004187 0.000010
0.999960 0.000010 0.000010 0.000010 0.000010
0.999960 0.000010 0.000010 0.000010 0.000010
0.999960 0.000010 0.000010 0.000010 0.000010
0.014255 0.175948 0.011453 0.133121 0.665223
0.000010 0.168153 0.011479 0.175821 0.644537
0.005792 0.077103 0.000010 0.105067 0.812028
0.008740 0.089823 0.000010 0.160985 0.740443
0.999960 0.000010 0.000010 0.000010 0.000010
0.992159 0.000010 0.000010 0.007811 0.000010
0.999960 0.000010 0.000010 0.000010 0.000010
0.999960 0.000010 0.000010 0.000010 0.000010
0.999960 0.000010 0.000010 0.000010 0.000010
0.994697 0.000010 0.000011 0.005272 0.000010
0.997341 0.000010 0.000010 0.002629 0.000010
0.988848 0.000010 0.000010 0.011121 0.000010
0.999959 0.000010 0.000010 0.000010 0.000010
0.998726 0.000010 0.000010 0.001244 0.000010
0.999960 0.000010 0.000010 0.000010 0.000010
0.999960 0.000010 0.000010 0.000010 0.000010
0.992747 0.000010 0.000010 0.007223 0.000010
0.999959 0.000010 0.000010 0.000011 0.000010
0.999959 0.000010 0.000011 0.000010 0.000010
0.986646 0.000010 0.000010 0.008207 0.005127
0.988032 0.000010 0.000010 0.011938 0.000010
0.991262 0.003609 0.000010 0.005109 0.000010
0.999960 0.000010 0.000010 0.000010 0.000010
0.997437 0.000010 0.000010 0.002533 0.000010
0.999960 0.000010 0.000010 0.000010 0.000010
0.999960 0.000010 0.000010 0.000010 0.000010
0.999765 0.000010 0.000010 0.000204 0.000010
0.999960 0.000010 0.000010 0.000010 0.000010
0.997453 0.000010 0.000010 0.000010 0.002517
0.991566 0.000010 0.000010 0.000010 0.008404
0.992313 0.000010 0.007657 0.000010 0.000010
0.999959 0.000010 0.000011 0.000010 0.000010
0.000010 0.037997 0.011880 0.093215 0.856898
0.000010 0.064593 0.030363 0.118223 0.786810
0.018030 0.106069 0.000010 0.207211 0.668680
0.000010 0.058517 0.007135 0.122308 0.812031
0.000011 0.089508 0.000010 0.124953 0.785518
0.000010 0.051689 0.006475 0.080247 0.861580
0.000547 0.137233 0.000010 0.149437 0.712773
0.000010 0.079303 0.000010 0.071994 0.848683
0.000010 0.103012 0.000010 0.238369 0.658598
0.989335 0.000010 0.010635 0.000010 0.000010
0.999960 0.000010 0.000010 0.000010 0.000010
0.982858 0.000010 0.016217 0.000905 0.000010
0.999960 0.000010 0.000010 0.000010 0.000010
0.969189 0.000010 0.029084 0.000010 0.001707
0.996222 0.002679 0.001079 0.000010 0.000010
0.990611 0.000010 0.009359 0.000010 0.000010
0.985020 0.000010 0.014950 0.000010 0.000010
0.978062 0.000010 0.016242 0.003216 0.002470
0.973127 0.000010 0.026843 0.000010 0.000010
0.999960 0.000010 0.000010 0.000010 0.000010
0.986126 0.001902 0.011952 0.000010 0.000010
0.998489 0.000010 0.001481 0.000010 0.000010
0.986168 0.000010 0.013801 0.000011 0.000010
0.996160 0.003810 0.000010 0.000010 0.000010
0.000010 0.094448 0.000010 0.110138 0.795394
0.019536 0.125625 0.004602 0.143844 0.706393
0.000924 0.231461 0.000010 0.135996 0.631609
0.000010 0.217405 0.028645 0.198420 0.555520
0.000193 0.211767 0.013517 0.189040 0.585483
0.000938 0.085418 0.006750 0.152884 0.754010
0.022167 0.120298 0.005788 0.112181 0.739566
0.001584 0.137382 0.002082 0.175246 0.683706
0.013492 0.100451 0.001433 0.121508 0.763115
0.000010 0.077866 0.000010 0.147359 0.774755
0.011965 0.323384 0.000156 0.140688 0.523807
0.009205 0.189850 0.003627 0.123926 0.673393
0.013179 0.073233 0.000010 0.143845 0.769732
0.000010 0.107174 0.002094 0.143728 0.746993
0.000010 0.077630 0.029383 0.175991 0.716987
0.000010 0.065852 0.002031 0.164339 0.767768
0.000010 0.109099 0.001534 0.136065 0.753293
0.013757 0.081979 0.000010 0.154158 0.750096
0.005577 0.120076 0.000010 0.057129 0.817208
0.024577 0.203428 0.032064 0.176742 0.563189
0.000010 0.172462 0.026299 0.129959 0.671270
0.000010 0.092107 0.004895 0.228380 0.674608
0.024967 0.214600 0.000010 0.147117 0.613306
0.000010 0.103620 0.006112 0.172709 0.717549
0.044072 0.118598 0.002334 0.115512 0.719485
0.001302 0.145560 0.023042 0.188893 0.641203
0.000010 0.175599 0.000010 0.128407 0.695974
0.009116 0.173015 0.016132 0.143680 0.658057
0.008785 0.234834 0.012093 0.139141 0.605147
0.017061 0.147935 0.000010 0.123500 0.711494
0.006115 0.106808 0.000010 0.143038 0.744029
0.034872 0.095965 0.008380 0.157260 0.703524
0.000010 0.104681 0.016070 0.146186 0.733053
0.017922 0.150177 0.000010 0.168980 0.662911
0.000010 0.183155 0.000010 0.134841 0.681984
0.000010 0.093646 0.007957 0.135524 0.762862
0.000010 0.071159 0.008181 0.100727 0.819924
0.002824 0.227351 0.000010 0.129216 0.640599
0.000010 0.624362 0.012122 0.066034 0.297472
0.016008 0.144770 0.000010 0.154740 0.684472
0.010908 0.118343 0.000010 0.149741 0.720998
0.000010 0.039683 0.013310 0.087006 0.859992
0.009924 0.012138 0.000482 0.306104 0.671352
0.000010 0.020906 0.015635 0.122063 0.841385
0.024367 0.056360 0.002841 0.253313 0.663118
0.000010 0.073145 0.002970 0.235755 0.688119
0.000010 0.146611 0.000010 0.275395 0.577974
0.000010 0.104020 0.024133 0.264442 0.607395
0.000010 0.073830 0.028129 0.257453 0.640578
0.000010 0.077223 0.002731 0.258030 0.662006
0.009756 0.021246 0.002061 0.161354 0.805583
0.003825 0.139262 0.008480 0.232855 0.615578
0.017777 0.116751 0.000010 0.285491 0.579970
0.000010 0.031348 0.028797 0.323031 0.616814
0.000010 0.185826 0.000010 0.278163 0.535990
0.000010 0.051733 0.028690 0.259434 0.660133
0.000010 0.206147 0.018144 0.346125 0.429574
0.000010 0.081486 0.005211 0.253778 0.659514
0.025375 0.103114 0.000010 0.436856 0.434644
0.020783 0.198293 0.000010 0.157804 0.623110
0.005377 0.107037 0.040708 0.160599 0.686279
0.000010 0.095925 0.009455 0.136523 0.758087
0.010185 0.232632 0.000010 0.153130 0.604044
0.000010 0.031975 0.040347 0.069073 0.858595
0.004058 0.132742 0.002061 0.159891 0.701247
0.026305 0.201775 0.000010 0.132655 0.639255
0.000010 0.084198 0.000010 0.062620 0.853163
0.000010 0.080224 0.021258 0.111082 0.787427
0.000010 0.109968 0.000010 0.169000 0.721012
0.016811 0.075274 0.027565 0.178623 0.701727
0.000010 0.146817 0.009829 0.156233 0.687110
0.005148 0.132125 0.000010 0.187924 0.674793
0.032282 0.185633 0.000010 0.236400 0.545675
0.032028 0.200607 0.007280 0.211892 0.548192
0.017296 0.161288 0.000010 0.224529 0.596877
0.000010 0.087547 0.034291 0.206101 0.672051
0.000010 0.063922 0.000010 0.152245 0.783813
0.009603 0.181389 0.003579 0.159776 0.645653
0.000010 0.041071 0.031810 0.108844 0.818264
0.019568 0.097359 0.021389 0.131888 0.729796
0.000010 0.133538 0.002909 0.112852 0.750691
0.000010 0.700694 0.000010 0.084468 0.214818
0.000010 0.525186 0.016745 0.047762 0.410296
0.031223 0.207487 0.000010 0.172695 0.588584
0.005596 0.107248 0.048589 0.129137 0.709430
0.000010 0.090138 0.022002 0.314521 0.573329
0.016632 0.017633 0.000010 0.248392 0.717333
0.014646 0.049483 0.000010 0.220419 0.715442
0.009936 0.168016 0.000010 0.300509 0.521530
0.000010 0.013554 0.003534 0.171517 0.811386
0.000010 0.020696 0.008129 0.292064 0.679101
0.010736 0.045473 0.000010 0.119789 0.823993
0.000475 0.130790 0.002476 0.293004 0.573255
0.012631 0.062136 0.000010 0.262712 0.662511
0.023967 0.105444 0.001397 0.259381 0.609811
0.022419 0.190795 0.000010 0.272687 0.514088
0.006200 0.012405 0.006459 0.053076 0.921860
0.002054 0.031120 0.000010 0.342356 0.624460
0.017116 0.028259 0.000010 0.278253 0.676362
0.008934 0.039513 0.000010 0.261295 0.690249
0.026414 0.074308 0.015985 0.228978 0.654315
0.000010 0.229711 0.000010 0.153699 0.616570
0.000010 0.123944 0.024108 0.178370 0.673568
0.018115 0.142715 0.009931 0.174422 0.654818
0.017854 0.167582 0.000010 0.179842 0.634712
0.000010 0.224095 0.029926 0.165299 0.580670
0.024921 0.111613 0.003810 0.084925 0.774730
0.000010 0.134495 0.006269 0.131811 0.727416
0.019662 0.102618 0.000010 0.180364 0.697345
0.002651 0.140845 0.008309 0.101227 0.746968
0.000594 0.105863 0.000010 0.182308 0.711225
0.000010 0.000010 0.003447 0.038081 0.958452
0.017081 0.003624 0.000010 0.567666 0.411619
0.001488 0.363220 0.000010 0.209542 0.425740
0.000010 0.040388 0.000010 0.399035 0.560558
0.000010 0.074677 0.030642 0.211842 0.682830
0.018125 0.043122 0.000010 0.387380 0.551363
0.001984 0.059965 0.027127 0.384496 0.526428
0.000010 0.020969 0.000010 0.275047 0.703964
0.000010 0.026637 0.003122 0.215990 0.754242
0.012228 0.029071 0.000010 0.172532 0.786158
0.000303 0.071163 0.024827 0.310415 0.593292
0.000010 0.020755 0.000010 0.278734 0.700491
0.000010 0.072978 0.020912 0.250169 0.655931
0.009956 0.066572 0.011015 0.238264 0.674194
0.013184 0.122847 0.000010 0.240929 0.623030
0.006968 0.206797 0.000010 0.286185 0.500040
0.009738 0.118958 0.023111 0.264851 0.583343
0.015459 0.134397 0.000010 0.233745 0.616389
0.003261 0.157260 0.004082 0.510878 0.324519
0.000010 0.041086 0.000010 0.323157 0.635736
0.000011 0.036918 0.000010 0.271197 0.691864
0.000010 0.157179 0.000010 0.292030 0.550771
0.020777 0.090150 0.000010 0.300423 0.588639
0.000010 0.057530 0.010363 0.374742 0.557355
0.000010 0.033766 0.012759 0.260586 0.692879
0.004985 0.065292 0.007448 0.254028 0.668246
0.000010 0.074359 0.024762 0.152829 0.748040
0.000014 0.270533 0.000010 0.295170 0.434273
0.020383 0.180271 0.010320 0.181534 0.607491
0.011855 0.218927 0.015470 0.155175 0.598573
0.000253 0.094448 0.000010 0.132280 0.773010
0.000010 0.176181 0.004298 0.213772 0.605739
0.000010 0.154106 0.014502 0.175396 0.655987
0.003437 0.176809 0.010692 0.189981 0.619081
0.008008 0.184279 0.027156 0.150577 0.629979
0.009429 0.118293 0.004700 0.109575 0.758004
0.000010 0.100366 0.000010 0.241008 0.658605
0.005771 0.138689 0.002850 0.184217 0.668474
0.004409 0.145851 0.026288 0.175206 0.648246
0.000720 0.103438 0.000010 0.283164 0.612667
0.026450 0.035283 0.012031 0.238316 0.687920
0.001847 0.048583 0.001013 0.516557 0.432000
0.020078 0.020941 0.000010 0.115181 0.843790
0.000010 0.034659 0.000010 0.048255 0.917066
0.000010 0.181090 0.012133 0.224145 0.582621
0.021178 0.018842 0.029614 0.403550 0.526815
0.013100 0.029832 0.000010 0.558131 0.398927
0.022758 0.105358 0.000010 0.266580 0.605294
0.001065 0.082236 0.000010 0.243359 0.673331
0.016387 0.040491 0.000010 0.381699 0.561412
0.014239 0.063689 0.023900 0.369107 0.529065
0.000010 0.041849 0.000010 0.408199 0.549932
0.000010 0.179103 0.030315 0.387776 0.402796
0.009452 0.304657 0.007242 0.306428 0.372221
0.000010 0.215123 0.004831 0.287776 0.492260
0.002038 0.019345 0.000010 0.197494 0.781114
0.000556 0.023836 0.012755 0.189882 0.772972
0.020592 0.043612 0.015892 0.358070 0.561834
0.000010 0.027545 0.000010 0.182379 0.790056
0.000010 0.049197 0.000010 0.114037 0.836746
0.005211 0.343345 0.017596 0.245569 0.388279
0.000010 0.036737 0.000010 0.370117 0.593126
0.000010 0.161799 0.018602 0.151767 0.667822
0.000010 0.033869 0.003764 0.134236 0.828121
0.004963 0.022494 0.000650 0.156460 0.815434
0.000010 0.030946 0.016707 0.206470 0.745866
0.015216 0.111845 0.000010 0.396182 0.476748
0.020935 0.117935 0.000010 0.374507 0.486613
0.007111 0.050902 0.000010 0.362120 0.579858
0.029002 0.063626 0.000010 0.332569 0.574793
0.009108 0.022780 0.018823 0.005948 0.943341
0.000010 0.028922 0.012193 0.021762 0.937113
0.005581 0.004553 0.015543 0.013150 0.961173
0.014649 0.036114 0.000010 0.003189 0.946039
0.006496 0.017619 0.013546 0.004495 0.957844
0.013608 0.034231 0.000010 0.015181 0.936970
0.002313 0.030815 0.022029 0.000308 0.944534
0.000010 0.016126 0.000345 0.018993 0.964526
0.000010 0.006738 0.000548 0.010761 0.981942
0.000010 0.006863 0.002134 0.021074 0.969919
0.000010 0.010168 0.000010 0.009574 0.980238
0.003301 0.001421 0.000010 0.018641 0.976627
0.000010 0.011222 0.000010 0.000010 0.988748
0.001665 0.004816 0.000010 0.020022 0.973487
0.000010 0.000010 0.000010 0.014712 0.985258
0.019280 0.000010 0.000010 0.008181 0.972519
0.013083 0.016286 0.000010 0.005654 0.964968
0.008535 0.033767 0.000010 0.010333 0.947355
0.018408 0.029305 0.010954 0.000010 0.941323
0.001359 0.023014 0.000010 0.017149 0.958467
0.021560 0.030922 0.006278 0.007156 0.934085
0.000010 0.037654 0.007852 0.008444 0.946039
0.015140 0.022987 0.000010 0.017649 0.944214
0.001149 0.028261 0.009423 0.013728 0.947439
0.014768 0.052566 0.003612 0.235019 0.694034
0.011466 0.397575 0.009525 0.216669 0.364764
0.000010 0.220713 0.034841 0.315674 0.428762
0.000010 0.001466 0.008575 0.689660 0.300289
0.016434 0.028621 0.000010 0.465123 0.489812
0.000010 0.001533 0.014463 0.643842 0.340152
0.000010 0.000010 0.000010 0.931849 0.068121
0.000010 0.073526 0.016434 0.412007 0.498023
0.000010 0.016147 0.000010 0.631094 0.352739
0.010916 0.008210 0.668772 0.019966 0.292136
0.054410 0.000010 0.632415 0.014967 0.298199
0.014207 0.000010 0.646010 0.025620 0.314153
0.007413 0.005443 0.601922 0.005897 0.379325
0.974810 0.000010 0.025160 0.000010 0.000010
0.952214 0.000010 0.047756 0.000010 0.000010
0.960100 0.004532 0.035348 0.000010 0.000010
0.960776 0.000657 0.030343 0.000432 0.007791
0.968052 0.000010 0.031918 0.000010 0.000010
0.982405 0.000010 0.014516 0.003059 0.000010
0.011814 0.046497 0.000010 0.010560 0.931119
0.017038 0.014364 0.015657 0.000010 0.952930
0.020586 0.012873 0.002901 0.000465 0.963175
0.007017 0.013207 0.000010 0.016213 0.963553
0.021443 0.016614 0.003523 0.007737 0.950683
0.015637 0.010090 0.000010 0.025005 0.949258
0.013439 0.017460 0.004098 0.013324 0.951678
0.006215 0.036133 0.000010 0.003571 0.954072
0.002989 0.000010 0.031473 0.022680 0.942847
0.001712 0.030736 0.025794 0.003717 0.938040
0.023523 0.010858 0.006966 0.014683 0.943970
0.001718 0.018760 0.000010 0.025876 0.953637
0.000010 0.002038 0.032529 0.000010 0.965413
0.017373 0.018908 0.000010 0.006020 0.957688
0.000010 0.027249 0.000010 0.021515 0.951216
0.019727 0.015216 0.000010 0.013722 0.951325
0.007923 0.007050 0.000010 0.016897 0.968119
0.030118 0.026477 0.000010 0.009386 0.934009
0.000010 0.085904 0.000010 0.006731 0.907345
0.004213 0.055810 0.009954 0.002626 0.927397
0.000010 0.003593 0.023652 0.016528 0.956217
0.013217 0.013363 0.014041 0.021143 0.938235
0.003709 0.039365 0.021948 0.024609 0.910370
0.001391 0.042425 0.031441 0.005935 0.918807
0.001678 0.023195 0.007824 0.001724 0.965577
0.000010 0.003908 0.024391 0.028499 0.943192
0.009500 0.012809 0.000010 0.015497 0.962184
0.000010 0.014611 0.015027 0.005250 0.965102
0.000941 0.009900 0.000010 0.008690 0.980460
0.007536 0.022808 0.000010 0.013011 0.956635
0.000010 0.013773 0.000010 0.014614 0.971593
0.000010 0.013581 0.008413 0.018294 0.959702
0.007405 0.007408 0.008897 0.001440 0.974851
0.017429 0.008876 0.000477 0.004068 0.969151
0.012643 0.031722 0.000010 0.008527 0.947098
0.002066 0.025899 0.000575 0.009405 0.962055
0.000010 0.060153 0.000010 0.017543 0.922284
0.008456 0.064120 0.000010 0.012045 0.915369
0.000010 0.044428 0.000010 0.022659 0.932893
0.006151 0.022519 0.004196 0.000697 0.966437
0.002022 0.000010 0.000010 0.020636 0.977322
0.000010 0.000010 0.000010 0.007853 0.992117
0.000010 0.035123 0.017454 0.009794 0.937619
0.009913 0.034874 0.000010 0.001612 0.953591
0.000010 0.035639 0.000010 0.004337 0.960004
0.000010 0.022676 0.016463 0.013384 0.947467
0.003811 0.045185 0.004935 0.011359 0.934710
0.000010 0.026480 0.014032 0.000010 0.959468
0.011336 0.000371 0.000010 0.009750 0.978533
0.000010 0.010140 0.001792 0.018294 0.969764
0.016774 0.017225 0.000010 0.000010 0.965981
0.000010 0.030406 0.037573 0.011729 0.920282
0.000010 0.017693 0.010645 0.006405 0.965247
0.000010 0.015298 0.018378 0.002696 0.963617
0.000010 0.003253 0.018708 0.004208 0.973821
0.003674 0.045455 0.011394 0.008215 0.931262
0.005874 0.012986 0.000010 0.011276 0.969853
0.026889 0.024320 0.006557 0.001011 0.941223
0.004357 0.015515 0.000010 0.029316 0.950801
0.000068 0.004428 0.000010 0.013874 0.981620
0.000034 0.030464 0.000010 0.003825 0.965667
0.000010 0.011220 0.000010 0.010985 0.977775
0.003311 0.009414 0.021650 0.024847 0.940778
0.000010 0.000010 0.004215 0.020474 0.975291
0.004583 0.000016 0.000010 0.019451 0.975940
0.000010 0.029867 0.000248 0.000010 0.969865
0.010412 0.017241 0.000010 0.021391 0.950946
0.000685 0.022813 0.000010 0.006296 0.970196
0.006058 0.002293 0.000010 0.014329 0.977310
0.011521 0.000010 0.006776 0.021253 0.960441
0.000010 0.000010 0.000010 0.014165 0.985805
0.008760 0.001922 0.016271 0.022713 0.950334
0.000010 0.000010 0.035139 0.017532 0.947309
0.999960 0.000010 0.000010 0.000010 0.000010
0.977761 0.005088 0.017131 0.000010 0.000010
0.999960 0.000010 0.000010 0.000010 0.000010
0.993836 0.000010 0.000046 0.006098 0.000010
0.982247 0.000010 0.000010 0.017723 0.000010
0.999958 0.000010 0.000011 0.000010 0.000010
0.999960 0.000010 0.000010 0.000010 0.000010
0.986622 0.000380 0.012978 0.000010 0.000010
0.981390 0.000010 0.015697 0.002893 0.000010
0.993408 0.000010 0.006562 0.000010 0.000010
0.989286 0.000010 0.010684 0.000010 0.000010
0.997612 0.000010 0.002353 0.000015 0.000010
0.999960 0.000010 0.000010 0.000010 0.000010
0.986613 0.000010 0.013357 0.000010 0.000010
0.995951 0.000010 0.004019 0.000010 0.000010
0.993772 0.000010 0.000485 0.005723 0.000010
0.995861 0.004109 0.000010 0.000010 0.000010
0.999960 0.000010 0.000010 0.000010 0.000010
0.992881 0.000010 0.007089 0.000010 0.000010
0.978672 0.000010 0.020400 0.000908 0.000010
0.999960 0.000010 0.000010 0.000010 0.000010
0.980429 0.002119 0.015885 0.001557 0.000010
0.974675 0.000010 0.015875 0.001898 0.007542
0.976125 0.000010 0.016591 0.000010 0.007264
0.970552 0.000011 0.029417 0.000010 0.000010
0.973384 0.000010 0.026586 0.000010 0.000010
0.965914 0.000010 0.022380 0.006395 0.005301
0.973210 0.000010 0.026760 0.000010 0.000010
0.961557 0.000010 0.038413 0.000010 0.000010
0.963009 0.000590 0.027659 0.008731 0.000010
0.951618 0.000010 0.048352 0.000010 0.000010
0.970429 0.000010 0.023175 0.000010 0.006376
0.965716 0.006247 0.024848 0.000672 0.002517
0.992929 0.000010 0.000010 0.007041 0.000010
0.977502 0.000010 0.015908 0.000010 0.006570
0.952014 0.007472 0.036068 0.004437 0.000010
0.938718 0.000010 0.061252 0.000010 0.000010
0.970058 0.000010 0.029912 0.000010 0.000010
0.964510 0.005516 0.022977 0.001847 0.005149
0.987729 0.000706 0.010252 0.000010 0.001303
0.978498 0.000010 0.018618 0.002864 0.000010
0.965421 0.005517 0.029042 0.000010 0.000010
0.971086 0.000010 0.024933 0.000010 0.003961
0.981584 0.000010 0.011281 0.007115 0.000010
0.970157 0.000010 0.026846 0.002977 0.000010
0.979405 0.000010 0.016883 0.000010 0.003692
0.961694 0.008493 0.026126 0.000010 0.003677
0.962872 0.000010 0.034549 0.000770 0.001800
0.974442 0.000010 0.014711 0.002408 0.008429
0.968872 0.002993 0.028115 0.000010 0.000010
0.971782 0.000010 0.028188 0.000010 0.000010
0.954856 0.010146 0.034978 0.000010 0.000010
0.981657 0.000010 0.008546 0.007511 0.002276
0.969231 0.007280 0.015463 0.000010 0.008017
0.952907 0.000010 0.039461 0.007612 0.000010
0.974965 0.000010 0.025005 0.000010 0.000010
0.003748 0.847507 0.010675 0.000913 0.137156
0.091116 0.559931 0.267166 0.000010 0.081776
0.000010 0.973373 0.009898 0.000010 0.016709
0.000010 0.847294 0.000010 0.011289 0.141398
0.000010 0.951966 0.000010 0.000010 0.048004
0.018695 0.886897 0.000010 0.000010 0.094388
0.006719 0.959172 0.000010 0.000384 0.033716
0.000010 0.883007 0.000010 0.006248 0.110725
0.002420 0.079543 0.002946 0.676595 0.238496
0.007559 0.112333 0.004620 0.559298 0.316190
0.018541 0.921726 0.000010 0.000010 0.059714
0.009930 0.962052 0.004645 0.000010 0.023364
0.000010 0.891202 0.014781 0.000355 0.093652
0.000100 0.851648 0.000010 0.011419 0.136823
0.000010 0.913044 0.000010 0.000010 0.086926
0.000010 0.014107 0.000010 0.836853 0.149020
0.000010 0.004103 0.027407 0.772011 0.196469
0.000010 0.000010 0.000010 0.961877 0.038093
0.006340 0.000010 0.000077 0.765858 0.227715
0.000010 0.001217 0.000010 0.934456 0.064307
0.083556 0.129798 0.000010 0.656657 0.129979
0.000010 0.000010 0.000010 0.999740 0.000230
0.000010 0.000010 0.000010 0.920836 0.079134
0.000010 0.000010 0.000010 0.793415 0.206555
0.043341 0.091347 0.000010 0.618427 0.246874
0.000010 0.002219 0.001154 0.711746 0.284871
0.007104 0.034483 0.000010 0.652250 0.306153
0.000010 0.000010 0.000010 0.996678 0.003292
0.000010 0.006070 0.000010 0.754064 0.239846
0.000010 0.042502 0.000010 0.810189 0.147289
0.000010 0.011342 0.000613 0.822947 0.165088
0.401121 0.012629 0.000010 0.492545 0.093695
0.000010 0.016045 0.000010 0.778607 0.205328
0.020498 0.026207 0.000010 0.604135 0.349150
0.064260 0.180621 0.001001 0.623947 0.130171
0.000010 0.061201 0.013654 0.835130 0.090004
0.000010 0.016608 0.012083 0.959300 0.012000
0.000010 0.011972 0.000010 0.901119 0.086889
0.000010 0.000010 0.016233 0.886341 0.097406
0.000010 0.908441 0.000010 0.014104 0.077435
0.000010 0.862286 0.000010 0.015581 0.122113
0.000010 0.000010 0.000010 0.998505 0.001465
0.000010 0.099407 0.004657 0.574504 0.321422
0.000305 0.009081 0.008888 0.617506 0.364219
0.000010 0.000010 0.000010 0.957588 0.042382
0.000010 0.004593 0.014898 0.675681 0.304817
0.016288 0.148377 0.000010 0.581882 0.253442
0.014085 0.045978 0.000050 0.784125 0.155762
0.000010 0.000010 0.000010 0.944113 0.055857
0.000010 0.003141 0.000010 0.663605 0.333234
0.000010 0.013916 0.000010 0.783121 0.202943
0.000010 0.014949 0.014163 0.684410 0.286468
0.000010 0.028617 0.008574 0.744891 0.217908
0.000010 0.001443 0.013336 0.758488 0.226723
0.002369 0.920260 0.000010 0.003945 0.073415
0.005009 0.867235 0.002353 0.002024 0.123379
0.078727 0.391400 0.039252 0.061331 0.429290
0.099919 0.628108 0.001795 0.052342 0.217837
0.014804 0.920418 0.000010 0.003497 0.061271
0.003403 0.040080 0.000010 0.727445 0.229061
0.000010 0.000010 0.000010 0.894819 0.105151
0.000010 0.000363 0.009772 0.863753 0.126102
0.005047 0.011665 0.000010 0.776025 0.207252
0.002962 0.017577 0.001357 0.798895 0.179209
0.000010 0.366239 0.002332 0.320413 0.311006
0.009791 0.003463 0.000010 0.816878 0.169858
0.005808 0.860095 0.009627 0.009180 0.115290
0.000010 0.820843 0.001517 0.006118 0.171512
0.012883 0.941151 0.000010 0.000010 0.045946
0.007125 0.953203 0.003862 0.001325 0.034485
0.000010 0.859886 0.006422 0.000010 0.133672
0.859536 0.004898 0.110337 0.012821 0.012408
0.943567 0.000010 0.043139 0.003881 0.009403
0.981714 0.002694 0.005751 0.000010 0.009831
0.962064 0.003831 0.027939 0.000010 0.006155
0.968967 0.006968 0.023478 0.000010 0.000578
0.982148 0.000010 0.008835 0.005387 0.003620
0.987614 0.003644 0.008721 0.000011 0.000010
0.973304 0.000010 0.024465 0.000010 0.002211
0.996627 0.003343 0.000010 0.000010 0.000010
0.987371 0.002367 0.010242 0.000010 0.000010
0.998240 0.000010 0.000010 0.000010 0.001730
0.968042 0.003021 0.024621 0.000010 0.004306
0.970567 0.000010 0.029403 0.000010 0.000010
0.970865 0.014322 0.014792 0.000010 0.000010
0.958850 0.000010 0.041120 0.000010 0.000010
0.957133 0.000010 0.042837 0.000010 0.000010
0.975999 0.000010 0.023961 0.000019 0.000010
0.000010 0.968558 0.000010 0.009674 0.021748
0.001728 0.972164 0.004883 0.003331 0.017894
0.000010 0.935329 0.000010 0.001796 0.062855
0.010401 0.857053 0.000010 0.002862 0.129675
0.947979 0.000010 0.049336 0.002665 0.000010
0.929766 0.005832 0.064382 0.000010 0.000010
0.978708 0.000010 0.021262 0.000010 0.000010
0.956466 0.002161 0.040258 0.001106 0.000010
0.969908 0.000595 0.025245 0.000021 0.004232
0.952969 0.012458 0.031983 0.000010 0.002580
0.953880 0.000010 0.039194 0.005093 0.001823
0.975654 0.000010 0.024316 0.000010 0.000010
0.941108 0.000010 0.031230 0.018341 0.009310
0.981444 0.000010 0.016593 0.001943 0.000010
0.962671 0.004756 0.032484 0.000010 0.000079
0.973412 0.000010 0.026558 0.000010 0.000010
0.975529 0.000010 0.024441 0.000010 0.000010
0.979592 0.000010 0.014398 0.000010 0.005989
0.970986 0.000010 0.028984 0.000010 0.000010
0.982414 0.000010 0.011831 0.000010 0.005735
0.985099 0.002333 0.008821 0.003737 0.000010
0.962909 0.000010 0.037061 0.000010 0.000010
0.962926 0.002516 0.034538 0.000010 0.000010
0.975034 0.005423 0.019523 0.000010 0.000010
0.981764 0.007345 0.010870 0.000010 0.000010
0.007474 0.023619 0.000010 0.657191 0.311705
0.000010 0.129443 0.008562 0.568010 0.293975
0.000010 0.921971 0.003945 0.000010 0.074064
0.000010 0.009998 0.000010 0.831796 0.158185
0.000013 0.005025 0.000010 0.880421 0.114531
0.000010 0.000010 0.000010 0.923926 0.076044
0.000475 0.978454 0.000010 0.000010 0.021051
0.008724 0.823328 0.000010 0.003234 0.164705
0.000010 0.915560 0.000010 0.000010 0.084410
0.967740 0.000010 0.028019 0.004222 0.000010
0.956625 0.000010 0.034787 0.000010 0.008568
0.966294 0.000010 0.023971 0.000010 0.009715
0.979902 0.000010 0.019773 0.000305 0.000010
0.987180 0.000010 0.009965 0.002836 0.000010
0.966807 0.002243 0.023401 0.001177 0.006372
0.970817 0.000010 0.027525 0.001638 0.000010
0.890229 0.003855 0.104444 0.000010 0.001462
0.969439 0.004318 0.020278 0.000010 0.005955
0.980413 0.004739 0.014828 0.000010 0.000010
0.949815 0.000010 0.050075 0.000089 0.000010
0.974479 0.000010 0.025491 0.000010 0.000010
0.975057 0.007914 0.014743 0.000010 0.002276
0.980151 0.008036 0.007075 0.004728 0.000010
0.953740 0.006728 0.039512 0.000010 0.000010
0.967585 0.000010 0.032385 0.000010 0.000010
0.867750 0.000010 0.029118 0.017216 0.085906
0.013588 0.800571 0.000010 0.011079 0.174752
0.000010 0.932602 0.000010 0.000010 0.067368
0.000010 0.006167 0.000010 0.876337 0.117476
0.000010 0.005591 0.000010 0.898601 0.095788
0.000010 0.000010 0.000010 0.944545 0.055425
0.978649 0.000010 0.021321 0.000010 0.000010
0.978834 0.000010 0.014035 0.007111 0.000010
0.999704 0.000010 0.000266 0.000010 0.000010
0.999959 0.000010 0.000010 0.000010 0.000010
0.972569 0.000010 0.019883 0.007528 0.000010
0.975411 0.000010 0.024559 0.000010 0.000010
0.994012 0.000010 0.005958 0.000010 0.000010
0.980357 0.000882 0.018659 0.000092 0.000010
0.999958 0.000010 0.000012 0.000010 0.000010
0.990002 0.000942 0.009036 0.000010 0.000010
0.993544 0.000010 0.006426 0.000010 0.000010
0.988657 0.009208 0.002115 0.000010 0.000010
0.999960 0.000010 0.000010 0.000010 0.000010
0.985341 0.000010 0.009999 0.004640 0.000010
0.987115 0.000010 0.012855 0.000010 0.000010
0.967428 0.000010 0.032542 0.000010 0.000010
0.999569 0.000010 0.000401 0.000010 0.000010
0.974018 0.000010 0.025952 0.000010 0.000010
0.996607 0.000010 0.003363 0.000010 0.000010
0.992284 0.000010 0.007686 0.000010 0.000010
0.999960 0.000010 0.000010 0.000010 0.000010
0.988750 0.000130 0.011100 0.000010 0.000010
0.984354 0.003244 0.007906 0.004487 0.000010
0.989423 0.000010 0.010547 0.000010 0.000010
0.975125 0.001018 0.023838 0.000010 0.000010
0.000010 0.001853 0.023579 0.021650 0.952909
0.000010 0.008550 0.000010 0.020182 0.971247
0.000010 0.011686 0.032364 0.009471 0.946469
0.017710 0.017585 0.000010 0.000010 0.964685
0.000010 0.018781 0.020525 0.008202 0.952483
0.000958 0.000656 0.009119 0.018590 0.970677
0.000010 0.004282 0.017263 0.007712 0.970732
0.000010 0.024164 0.000583 0.018955 0.956288
0.000010 0.029475 0.000010 0.005189 0.965316
0.000010 0.021901 0.000010 0.024839 0.953240
0.017295 0.009975 0.000010 0.020142 0.952578
0.005428 0.027415 0.006957 0.000371 0.959828
0.000010 0.017509 0.000010 0.029122 0.953349
0.007489 0.044796 0.044030 0.009071 0.894615
0.999959 0.000010 0.000011 0.000010 0.000010
0.000010 0.022632 0.000010 0.646665 0.330683
0.000010 0.015457 0.000482 0.565779 0.418272
0.015595 0.919779 0.000010 0.008627 0.055989
