0.084308 0.000010 0.532314 0.383367
0.064774 0.000010 0.546365 0.388850
0.004604 0.860697 0.134689 0.000010
0.005428 0.847900 0.146662 0.000010
0.000010 0.000010 0.028447 0.971533
0.916953 0.025027 0.049545 0.008475
0.000010 0.919925 0.079125 0.000940
0.000010 0.000010 0.000010 0.999970
0.887955 0.057618 0.025254 0.029173
0.985702 0.014252 0.000010 0.000037
0.949323 0.000010 0.035896 0.014771
0.000010 0.208280 0.000010 0.791700
0.062544 0.000010 0.579624 0.357822
0.013707 0.977041 0.009242 0.000010
0.999970 0.000010 0.000010 0.000010
0.001398 0.925358 0.068845 0.004398
0.000010 0.922915 0.074627 0.002448
0.000010 0.926480 0.064491 0.009019
0.000010 0.950145 0.049835 0.000010
0.004828 0.943314 0.037325 0.014533
0.000010 0.908413 0.091567 0.000010
0.000010 0.940642 0.046273 0.013075
0.002886 0.935687 0.061417 0.000010
0.000393 0.927331 0.064689 0.007587
0.000010 0.932874 0.067106 0.000010
0.001228 0.959125 0.032165 0.007483
0.000010 0.940445 0.047571 0.011975
0.000010 0.952065 0.035266 0.012659
0.000010 0.932792 0.067188 0.000010
0.000010 0.927317 0.072009 0.000664
0.000010 0.940934 0.057610 0.001446
0.000010 0.936646 0.063334 0.000010
0.000010 0.948592 0.051388 0.000010
0.000010 0.930598 0.069022 0.000369
0.000010 0.946390 0.032055 0.021544
0.000010 0.935230 0.064750 0.000010
0.000010 0.921792 0.060129 0.018068
0.000010 0.956019 0.042715 0.001256
0.000010 0.951034 0.035040 0.013916
0.000010 0.953644 0.046336 0.000010
0.000010 0.959543 0.039545 0.000902
0.007966 0.934798 0.057226 0.000010
0.010806 0.913662 0.056558 0.018974
0.003823 0.929245 0.066921 0.000010
0.000010 0.929584 0.064901 0.005505
0.000010 0.931467 0.068513 0.000010
0.000010 0.942343 0.052330 0.005316
0.000010 0.940964 0.059016 0.000010
0.000015 0.921199 0.078777 0.000010
0.000010 0.943820 0.056160 0.000010
0.000010 0.938663 0.061317 0.000010
0.002274 0.927219 0.070496 0.000010
0.006638 0.949099 0.044253 0.000010
0.000010 0.933262 0.060036 0.006692
0.000010 0.948068 0.051912 0.000010
0.000010 0.946038 0.037513 0.016439
0.013295 0.942535 0.039813 0.004358
0.000010 0.950709 0.049271 0.000010
0.000010 0.935382 0.064598 0.000010
0.007889 0.941052 0.051049 0.000010
0.000010 0.948584 0.051396 0.000010
0.004027 0.922716 0.071287 0.001970
0.000010 0.959289 0.040534 0.000167
0.000010 0.946166 0.053814 0.000010
0.000010 0.939750 0.038983 0.021257
0.000010 0.900197 0.085995 0.013798
0.000010 0.934134 0.059801 0.006056
0.000010 0.932106 0.063362 0.004522
0.000010 0.966342 0.033638 0.000010
0.000010 0.947780 0.037705 0.014505
0.000010 0.936620 0.041036 0.022335
0.000010 0.941491 0.043488 0.015011
0.000010 0.917128 0.060537 0.022325
0.000010 0.939405 0.047682 0.012903
0.000010 0.930878 0.069102 0.000010
0.000010 0.876380 0.026314 0.097296
0.000010 0.878598 0.017237 0.104155
0.000010 0.901400 0.032973 0.065617
0.002198 0.869237 0.031393 0.097172
0.001505 0.872120 0.030699 0.095676
0.000010 0.865277 0.060578 0.074135
0.000010 0.879118 0.038012 0.082860
0.000010 0.869633 0.041932 0.088426
0.017158 0.873890 0.044807 0.064145
0.000010 0.855621 0.040344 0.104025
0.000010 0.848996 0.055494 0.095500
0.000010 0.850878 0.068230 0.080882
0.000010 0.868764 0.044381 0.086846
0.000010 0.864379 0.019199 0.116413
0.000010 0.884382 0.053594 0.062014
0.000010 0.852658 0.041887 0.105445
0.002930 0.886488 0.043638 0.066945
0.000010 0.935405 0.051351 0.013234
0.000010 0.922316 0.077664 0.000010
0.003848 0.954769 0.041373 0.000010
0.000010 0.917506 0.082474 0.000010
0.000010 0.926428 0.069124 0.004439
0.009231 0.943013 0.047746 0.000010
0.000010 0.940504 0.059476 0.000010
0.000010 0.923422 0.076558 0.000010
0.015329 0.935624 0.037854 0.011193
0.000010 0.946815 0.053165 0.000010
0.000010 0.925113 0.074867 0.000010
0.001768 0.935583 0.055049 0.007600
0.001711 0.936409 0.061870 0.000010
0.000010 0.945537 0.054443 0.000010
0.000010 0.933611 0.066369 0.000010
0.000010 0.937177 0.036649 0.026164
0.000010 0.935436 0.060999 0.003556
0.000010 0.928232 0.063403 0.008354
0.000010 0.936935 0.057808 0.005247
0.007688 0.943525 0.048777 0.000010
0.011283 0.937150 0.051557 0.000010
0.000431 0.946827 0.052732 0.000010
0.003163 0.944120 0.049711 0.003006
0.000010 0.934272 0.065708 0.000010
0.000010 0.953296 0.039141 0.007553
0.000010 0.951017 0.048963 0.000010
0.000010 0.944589 0.051842 0.003559
0.000010 0.950883 0.046403 0.002704
0.000010 0.939697 0.060283 0.000010
0.000010 0.925324 0.074656 0.000010
0.000010 0.953930 0.039596 0.006464
0.000010 0.945981 0.043318 0.010691
0.011898 0.865284 0.042603 0.080215
0.000010 0.865263 0.053788 0.080939
0.000010 0.897970 0.021678 0.080342
0.000010 0.866171 0.054177 0.079643
0.000010 0.888087 0.052090 0.059813
0.000010 0.832301 0.057137 0.110552
0.000010 0.845329 0.068215 0.086446
0.000010 0.883539 0.022748 0.093703
0.000010 0.886738 0.022271 0.090981
0.000010 0.886710 0.063741 0.049538
0.006354 0.866866 0.028230 0.098550
0.000010 0.880976 0.055912 0.063102
0.000010 0.879653 0.050166 0.070171
0.000010 0.864337 0.042253 0.093399
0.000010 0.865782 0.038178 0.096030
0.000010 0.857856 0.043567 0.098567
0.003603 0.872513 0.057454 0.066430
0.000010 0.867662 0.029712 0.102616
0.000010 0.866690 0.052859 0.080441
0.000010 0.852457 0.051144 0.096389
0.000010 0.852243 0.061351 0.086396
0.000010 0.860051 0.034364 0.105575
0.000010 0.874206 0.043561 0.082223
0.000010 0.859823 0.050956 0.089210
0.000010 0.859209 0.055835 0.084946
0.000010 0.871459 0.042182 0.086349
0.000010 0.901048 0.028451 0.070491
0.000010 0.904272 0.043558 0.052160
0.000942 0.861442 0.061898 0.075717
0.000010 0.861972 0.053518 0.084501
0.000126 0.879576 0.050049 0.070250
0.000010 0.887796 0.031594 0.080600
0.002693 0.863623 0.052231 0.081453
0.000010 0.875008 0.031945 0.093036
0.000010 0.871438 0.045885 0.082667
0.012516 0.850838 0.041320 0.095325
0.000010 0.883963 0.039084 0.076943
0.000010 0.849078 0.036675 0.114237
0.000010 0.867303 0.021051 0.111636
0.000010 0.862240 0.061225 0.076525
0.004399 0.909632 0.021686 0.064282
0.000010 0.885620 0.047293 0.067077
0.000010 0.875889 0.049728 0.074373
0.000010 0.881572 0.053022 0.065396
0.000010 0.853530 0.073997 0.072463
0.000010 0.916384 0.016584 0.067022
0.000010 0.897539 0.017388 0.085063
0.000010 0.867784 0.044501 0.087704
0.000010 0.915719 0.032047 0.052224
0.000010 0.894273 0.031493 0.074224
0.000010 0.871898 0.052169 0.075923
0.013629 0.880933 0.062126 0.043312
0.000010 0.865585 0.024446 0.109959
0.000010 0.874374 0.030804 0.094812
0.000010 0.880763 0.043941 0.075286
0.000010 0.879619 0.033960 0.086411
0.000010 0.896725 0.030182 0.073082
0.000010 0.863735 0.049464 0.086790
0.000010 0.917879 0.043067 0.039044
0.000010 0.883639 0.034013 0.082338
0.000010 0.863219 0.031583 0.105189
0.000010 0.899610 0.048392 0.051988
0.001106 0.869171 0.035952 0.093771
0.000010 0.887430 0.041264 0.071297
0.000010 0.878425 0.014169 0.107396
0.000010 0.876235 0.049285 0.074470
0.000010 0.877251 0.053348 0.069391
0.000010 0.837908 0.075922 0.086160
0.000010 0.882174 0.051238 0.066579
0.000010 0.865891 0.060917 0.073182
0.000010 0.873744 0.025681 0.100566
0.000010 0.857877 0.060900 0.081213
0.000010 0.869049 0.019597 0.111344
0.000010 0.840524 0.062639 0.096827
0.000010 0.878219 0.024964 0.096807
0.000010 0.868424 0.049445 0.082121
0.000010 0.891374 0.018077 0.090539
0.000010 0.845646 0.047520 0.106824
0.000010 0.861193 0.043825 0.094972
0.000010 0.873837 0.053683 0.072470
0.000010 0.767788 0.015527 0.216674
0.000010 0.861935 0.039876 0.098179
0.000010 0.870942 0.057853 0.071195
0.000010 0.897057 0.042795 0.060138
0.000010 0.873627 0.058702 0.067661
0.000010 0.861905 0.050926 0.087159
0.000010 0.878681 0.034206 0.087103
0.000010 0.872647 0.062820 0.064523
0.000010 0.000010 0.000010 0.999970
0.000010 0.000010 0.000010 0.999970
0.003576 0.000010 0.002163 0.994251
0.000010 0.000010 0.000010 0.999970
0.000010 0.000010 0.000010 0.999970
0.000010 0.000010 0.007269 0.992711
0.000010 0.000010 0.000010 0.999970
0.000010 0.000010 0.013128 0.986852
0.000010 0.000010 0.000010 0.999970
0.000010 0.000010 0.000010 0.999970
0.004838 0.000010 0.000010 0.995142
0.000010 0.000010 0.000010 0.999970
0.000010 0.000010 0.000010 0.999970
0.000010 0.000010 0.016030 0.983950
0.000010 0.000010 0.002215 0.997765
0.000010 0.000010 0.000010 0.999970
0.000010 0.000010 0.000010 0.999970
0.000010 0.000010 0.000010 0.999970
0.000010 0.000010 0.000010 0.999970
0.000010 0.000010 0.000010 0.999970
0.000010 0.000010 0.004043 0.995937
0.000010 0.000010 0.006383 0.993597
0.000010 0.000010 0.000010 0.999970
0.000010 0.000010 0.006911 0.993069
0.000010 0.000010 0.000010 0.999970
0.000010 0.000010 0.000010 0.999970
0.000010 0.000010 0.000010 0.999970
0.000010 0.000010 0.000010 0.999970
0.000010 0.000010 0.000010 0.999970
0.000010 0.000010 0.011748 0.988232
0.000010 0.000010 0.000010 0.999970
0.000010 0.000010 0.000010 0.999970
0.000738 0.004464 0.000010 0.994788
0.000010 0.000010 0.011145 0.988835
0.000010 0.000010 0.005301 0.994679
0.005874 0.000010 0.001131 0.992985
0.000010 0.000010 0.006886 0.993094
0.000010 0.000010 0.013062 0.986918
0.000010 0.000010 0.000010 0.999970
0.000010 0.000010 0.000010 0.999970
0.000010 0.005231 0.000010 0.994749
0.000010 0.000010 0.000010 0.999970
0.087695 0.786449 0.015935 0.109921
0.174511 0.620209 0.048036 0.157244
0.089568 0.762925 0.051325 0.096181
0.000010 0.000010 0.000010 0.999970
0.000010 0.000010 0.000010 0.999970
0.000010 0.000010 0.000010 0.999970
0.000010 0.000010 0.000010 0.999970
0.003854 0.000010 0.000010 0.996126
0.000010 0.000010 0.000010 0.999970
0.000010 0.000010 0.000010 0.999970
0.000010 0.002287 0.000685 0.997018
0.000010 0.000010 0.000010 0.999970
0.000010 0.000010 0.000010 0.999970
0.000010 0.000010 0.000010 0.999970
0.000010 0.000010 0.032414 0.967566
0.000010 0.014369 0.003270 0.982351
0.000010 0.000010 0.000010 0.999970
0.000010 0.000010 0.000010 0.999970
0.000010 0.000010 0.000010 0.999970
0.000010 0.000010 0.000010 0.999970
0.000010 0.000010 0.000010 0.999970
0.000010 0.000010 0.001177 0.998803
0.000010 0.000010 0.000010 0.999970
0.000010 0.000010 0.000010 0.999970
0.000010 0.000010 0.000010 0.999970
0.000010 0.000010 0.000010 0.999970
0.000010 0.000010 0.002618 0.997362
0.000010 0.000010 0.000010 0.999970
0.000010 0.000010 0.000010 0.999970
0.001724 0.000010 0.000010 0.998256
0.000010 0.000010 0.000221 0.999759
0.000010 0.000010 0.019969 0.980011
0.000010 0.000010 0.000010 0.999970
0.000010 0.000010 0.007810 0.992170
0.000010 0.000010 0.000010 0.999970
0.000010 0.000010 0.000010 0.999970
0.000010 0.000010 0.000010 0.999970
0.000010 0.000010 0.000010 0.999970
0.173645 0.686964 0.026368 0.113024
0.168290 0.689693 0.026633 0.115384
0.074579 0.819262 0.024556 0.081603
0.088136 0.775751 0.006907 0.129206
0.000010 0.000010 0.000010 0.999970
0.000010 0.000010 0.000010 0.999970
0.002009 0.000010 0.000434 0.997546
0.000010 0.000010 0.008086 0.991894
0.000010 0.000010 0.004855 0.995125
0.000010 0.000010 0.010876 0.989104
0.000010 0.000010 0.000010 0.999970
0.000010 0.000010 0.001779 0.998201
0.000010 0.000010 0.002107 0.997873
0.000010 0.000010 0.006695 0.993285
0.000010 0.000010 0.000010 0.999970
0.000010 0.000010 0.007654 0.992326
0.000010 0.000010 0.009777 0.990203
0.000010 0.000010 0.000010 0.999970
0.000725 0.000010 0.000314 0.998951
0.000010 0.006073 0.000010 0.993907
0.000019 0.000010 0.000010 0.999961
0.005952 0.000010 0.000010 0.994028
0.000010 0.000010 0.000010 0.999970
0.000010 0.000010 0.000010 0.999970
0.000010 0.000010 0.000010 0.999970
0.000010 0.000010 0.000010 0.999970
0.000010 0.000010 0.000010 0.999970
0.000010 0.000010 0.005037 0.994943
0.000010 0.000010 0.007969 0.992011
0.000010 0.008557 0.000010 0.991423
0.000010 0.000010 0.014904 0.985076
0.000010 0.000010 0.001873 0.998107
0.038011 0.861253 0.046336 0.054401
0.065832 0.803130 0.056960 0.074078
0.103183 0.722116 0.000010 0.174691
0.057950 0.830242 0.031971 0.079837
0.090237 0.811710 0.003068 0.094985
0.051954 0.864066 0.041034 0.042946
0.139296 0.750672 0.000907 0.109125
0.088919 0.863866 0.017857 0.029357
0.100744 0.717963 0.000010 0.181283
0.000010 0.000010 0.022005 0.977975
0.000010 0.000010 0.008264 0.991716
0.000010 0.000010 0.024611 0.975369
0.000010 0.000010 0.007059 0.992921
0.000010 0.000010 0.042075 0.957905
0.000010 0.000010 0.013899 0.986081
0.000010 0.000010 0.024101 0.975879
0.000010 0.000010 0.023560 0.976420
0.000010 0.000010 0.028712 0.971268
0.000010 0.000010 0.039383 0.960597
0.000010 0.000010 0.009687 0.990293
0.001506 0.000010 0.024756 0.973728
0.000010 0.000010 0.014986 0.984994
0.000010 0.000010 0.023894 0.976086
0.006770 0.000010 0.000010 0.993210
0.093340 0.812279 0.022692 0.071689
0.123027 0.732568 0.017511 0.126894
0.230943 0.660930 0.002626 0.105501
0.217351 0.605899 0.032417 0.144333
0.209115 0.629936 0.016930 0.144019
0.081905 0.780815 0.024680 0.112601
0.118651 0.752591 0.026857 0.101901
0.134088 0.719489 0.012180 0.134243
0.097419 0.782354 0.022225 0.098002
0.077700 0.801488 0.017862 0.102950
0.321085 0.551770 0.009210 0.117935
0.188670 0.692326 0.020991 0.098013
0.075798 0.799644 0.000010 0.124548
0.104052 0.771730 0.019697 0.104521
0.075354 0.757230 0.048243 0.119173
0.068107 0.806569 0.020001 0.105324
0.109340 0.775227 0.021833 0.093600
0.078383 0.777767 0.014928 0.128922
0.119492 0.809274 0.031884 0.039350
0.199538 0.602526 0.035387 0.162549
0.171057 0.691979 0.043169 0.093795
0.094221 0.738334 0.014850 0.152595
0.213662 0.647021 0.000010 0.139307
0.102618 0.753399 0.021036 0.122946
0.116104 0.730884 0.025188 0.127824
0.141726 0.679749 0.029819 0.148707
0.176964 0.720094 0.019877 0.083065
0.170189 0.682318 0.030868 0.116625
0.233480 0.631613 0.023096 0.111812
0.147074 0.729337 0.015399 0.108190
0.107648 0.776657 0.000951 0.114744
0.092780 0.729372 0.024460 0.153389
0.104852 0.760264 0.037836 0.097049
0.148861 0.701182 0.000010 0.149947
0.185307 0.716394 0.000010 0.098289
0.092802 0.785773 0.028178 0.093246
0.073580 0.830090 0.041974 0.054356
0.228655 0.668742 0.000010 0.102593
0.628395 0.314141 0.018657 0.038807
0.142978 0.715293 0.004223 0.137507
0.117560 0.752815 0.000010 0.129615
0.038225 0.860937 0.046180 0.054658
0.000034 0.750219 0.000010 0.249736
0.018410 0.853998 0.042146 0.085446
0.051096 0.724928 0.002408 0.221569
0.072945 0.753783 0.009135 0.164137
0.139571 0.649773 0.000010 0.210646
0.096720 0.676726 0.021285 0.205269
0.070181 0.707975 0.025704 0.196140
0.072083 0.733005 0.002999 0.191913
0.015420 0.839889 0.021854 0.122837
0.131475 0.680044 0.008575 0.179906
0.108131 0.653555 0.000010 0.238304
0.024360 0.711345 0.012421 0.251874
0.179404 0.603962 0.000010 0.216624
0.044815 0.728433 0.028370 0.198381
0.202525 0.519948 0.000010 0.277517
0.085417 0.734225 0.007325 0.173033
0.086929 0.547257 0.000010 0.365804
0.197023 0.655314 0.005978 0.141685
0.105276 0.716350 0.051958 0.126416
0.094670 0.780588 0.033550 0.091192
0.233030 0.637366 0.000010 0.129594
0.033219 0.857895 0.069944 0.038941
0.130027 0.729996 0.016757 0.123221
0.200895 0.660656 0.009405 0.129044
0.087617 0.854896 0.024661 0.032827
0.079757 0.797112 0.045377 0.077755
0.110522 0.764476 0.000010 0.124993
0.072066 0.741055 0.036731 0.150149
0.144984 0.718373 0.023612 0.113031
0.128773 0.717669 0.004940 0.148619
0.180521 0.601958 0.000010 0.217511
0.199419 0.599924 0.004911 0.195746
0.157139 0.652998 0.000010 0.189853
0.083064 0.719841 0.047167 0.149928
0.064495 0.817859 0.018695 0.098951
0.180305 0.679049 0.009863 0.130783
0.040087 0.827962 0.061953 0.069997
0.094939 0.746495 0.041496 0.117070
0.135943 0.769395 0.033533 0.061128
0.702930 0.239682 0.000010 0.057378
0.524751 0.412321 0.030664 0.032264
0.206303 0.628677 0.000010 0.165010
0.102759 0.728073 0.066156 0.103013
0.085239 0.656952 0.011592 0.246217
0.011607 0.779091 0.000010 0.209292
0.046665 0.770083 0.000010 0.183242
0.158498 0.594913 0.000010 0.246579
0.008285 0.849615 0.018586 0.123514
0.016749 0.753553 0.005410 0.224288
0.046555 0.850973 0.000145 0.102328
0.123513 0.649124 0.000010 0.227353
0.054720 0.726708 0.000010 0.218562
0.100013 0.673953 0.000010 0.226024
0.183754 0.583807 0.000010 0.232429
0.012269 0.911248 0.043192 0.033291
0.015308 0.717634 0.000010 0.267047
0.023135 0.744219 0.000010 0.232635
0.032064 0.758916 0.000010 0.209010
0.068914 0.703110 0.019576 0.208399
0.228620 0.648880 0.005732 0.116768
0.123412 0.711249 0.036205 0.129134
0.140867 0.686611 0.018631 0.153891
0.164690 0.677992 0.000010 0.157308
0.222794 0.622528 0.039947 0.114731
0.110869 0.777529 0.031191 0.080410
0.133444 0.746329 0.024415 0.095812
0.099805 0.740165 0.003379 0.156651
0.139394 0.757100 0.032321 0.071185
0.104547 0.754628 0.000010 0.140815
0.000010 0.945972 0.050092 0.003926
0.000010 0.554286 0.000010 0.445694
0.357733 0.476700 0.000010 0.165557
0.027578 0.674656 0.000010 0.297756
0.072491 0.729216 0.036786 0.161507
0.026293 0.659721 0.000010 0.313976
0.047507 0.639929 0.000246 0.312318
0.012816 0.792315 0.000010 0.194859
0.024391 0.803374 0.013049 0.159185
0.028712 0.816022 0.012527 0.142738
0.064938 0.680888 0.012676 0.241498
0.014175 0.770640 0.000010 0.215176
0.067825 0.721068 0.021355 0.189752
0.062609 0.731506 0.012352 0.193534
0.117564 0.682883 0.000010 0.199543
0.203302 0.569217 0.000010 0.227470
0.114493 0.650852 0.016989 0.217666
0.129959 0.677549 0.000010 0.192482
0.141842 0.454311 0.000010 0.403837
0.034301 0.723570 0.000010 0.242118
0.028981 0.764139 0.000010 0.206870
0.149776 0.625141 0.000010 0.225073
0.083404 0.666070 0.000010 0.250516
0.047768 0.660877 0.000010 0.291345
0.025290 0.758354 0.015924 0.200433
0.059183 0.736113 0.003207 0.201498
0.073842 0.778368 0.042848 0.104941
0.263667 0.506955 0.000010 0.229368
0.177183 0.645816 0.017775 0.159225
0.215996 0.628762 0.025153 0.130089
0.092206 0.793480 0.018410 0.095905
0.175919 0.659138 0.012567 0.152376
0.151987 0.694784 0.027950 0.125279
0.174891 0.663749 0.016934 0.144426
0.181388 0.658243 0.039401 0.120968
0.116506 0.773174 0.026564 0.083756
0.094438 0.722696 0.000010 0.182856
0.134166 0.711096 0.011353 0.143385
0.143079 0.689195 0.033019 0.134706
0.096928 0.685312 0.000010 0.217750
0.029689 0.741036 0.016485 0.212790
0.028111 0.559747 0.000010 0.412132
0.018453 0.853432 0.025502 0.102613
0.037177 0.910278 0.036461 0.016084
0.176436 0.641645 0.010928 0.170991
0.013022 0.638281 0.004220 0.344477
0.006299 0.545770 0.000010 0.447921
0.097755 0.668946 0.000010 0.233290
0.077186 0.730166 0.000010 0.192638
0.024643 0.666478 0.000010 0.308868
0.052517 0.637548 0.003208 0.306726
0.041049 0.667678 0.000010 0.291264
0.178240 0.518668 0.008361 0.294731
0.296003 0.452400 0.000010 0.251587
0.208726 0.567521 0.000010 0.223743
0.012816 0.828573 0.000010 0.158601
0.021268 0.813648 0.024053 0.141031
0.032749 0.660363 0.002358 0.304529
0.030972 0.837084 0.000010 0.131933
0.054168 0.862611 0.001772 0.081449
0.340085 0.455810 0.004939 0.199166
0.028757 0.691667 0.000010 0.279567
0.158023 0.694162 0.032562 0.115253
0.028582 0.852659 0.027575 0.091184
0.020096 0.843172 0.017280 0.119452
0.030232 0.797473 0.026333 0.145963
0.096007 0.581242 0.000010 0.322741
0.101792 0.585150 0.000010 0.313048
0.035669 0.678201 0.000010 0.286120
0.055778 0.654989 0.000010 0.289223
0.023840 0.913394 0.062756 0.000010
0.030998 0.909361 0.056287 0.003353
0.004958 0.930285 0.061924 0.002833
0.039087 0.916432 0.041353 0.003128
0.017570 0.927525 0.054896 0.000010
0.036296 0.912452 0.041247 0.010006
0.028819 0.910087 0.061085 0.000010
0.015493 0.934519 0.049978 0.000010
0.005343 0.960640 0.034007 0.000010
0.009056 0.949264 0.041669 0.000010
0.013120 0.967915 0.009264 0.009701
0.007793 0.958656 0.021032 0.012518
0.010402 0.960725 0.028863 0.000010
0.009299 0.958645 0.019922 0.012134
0.000010 0.973215 0.026765 0.000010
0.000010 0.964978 0.012200 0.022813
0.018563 0.937147 0.037719 0.006571
0.038038 0.926433 0.028874 0.006655
0.033810 0.905431 0.059364 0.001395
0.026550 0.934539 0.032894 0.006017
0.033413 0.904296 0.052096 0.010196
0.036889 0.914699 0.048402 0.000010
0.024365 0.920482 0.041880 0.013273
0.029697 0.920690 0.049603 0.000010
0.048378 0.751078 0.007255 0.193290
0.393720 0.423353 0.000010 0.182918
0.219291 0.519175 0.012314 0.249220
0.000010 0.463654 0.000010 0.536326
0.011063 0.607076 0.000010 0.381850
0.000010 0.496938 0.000010 0.503042
0.000010 0.298706 0.000010 0.701274
0.066703 0.619462 0.000010 0.313824
0.000010 0.518626 0.000010 0.481354
0.008094 0.298060 0.666628 0.027218
0.000010 0.300892 0.632609 0.066488
0.000010 0.321153 0.645551 0.033286
0.006078 0.375986 0.607653 0.010284
0.000010 0.000010 0.039780 0.960200
0.000010 0.000010 0.062661 0.937319
0.002034 0.000010 0.046505 0.951451
0.000429 0.000010 0.049000 0.950561
0.000010 0.000010 0.043429 0.956551
0.000010 0.000010 0.025123 0.974857
0.047894 0.904586 0.042426 0.005094
0.017556 0.921453 0.059937 0.001055
0.013342 0.929489 0.049049 0.008120
0.015309 0.945752 0.026883 0.012056
0.018382 0.918689 0.051107 0.011823
0.015372 0.936707 0.019869 0.028051
0.019533 0.925947 0.045729 0.008791
0.040787 0.927431 0.031772 0.000010
0.000056 0.918557 0.074223 0.007164
0.028928 0.903431 0.067630 0.000010
0.010519 0.916535 0.052047 0.020899
0.025875 0.949818 0.000010 0.024296
0.000010 0.927653 0.072327 0.000010
0.025998 0.936824 0.022155 0.015023
0.032185 0.933790 0.034015 0.000010
0.016658 0.927585 0.036339 0.019418
0.007511 0.946752 0.038614 0.007122
0.031303 0.908031 0.036781 0.023885
0.084891 0.880459 0.034640 0.000010
0.055044 0.895556 0.049391 0.000010
0.003174 0.932312 0.064504 0.000010
0.011606 0.915160 0.057084 0.016150
0.040196 0.886072 0.066265 0.007466
0.041390 0.889270 0.069330 0.000010
0.021702 0.931546 0.046742 0.000010
0.006876 0.926134 0.064207 0.002783
0.017217 0.941507 0.033256 0.008020
0.013191 0.938762 0.048037 0.000010
0.009077 0.956189 0.034724 0.000010
0.026355 0.939231 0.033528 0.000886
0.016429 0.945690 0.037871 0.000010
0.013106 0.934437 0.052447 0.000010
0.005677 0.942490 0.051824 0.000010
0.009893 0.934808 0.050912 0.004387
0.037053 0.923227 0.031120 0.008600
0.026875 0.928340 0.044775 0.000010
0.065013 0.906874 0.026806 0.001307
0.068048 0.894197 0.029773 0.007983
0.046456 0.906188 0.044635 0.002721
0.021502 0.931663 0.046825 0.000010
0.000010 0.967921 0.017690 0.014379
0.000337 0.977384 0.010482 0.011797
0.033917 0.911301 0.054772 0.000010
0.038911 0.925926 0.032974 0.002188
0.031672 0.930422 0.037896 0.000010
0.022084 0.919588 0.058318 0.000010
0.044597 0.904745 0.045799 0.004858
0.024071 0.925840 0.050079 0.000010
0.000973 0.955426 0.036305 0.007297
0.010535 0.942059 0.047396 0.000010
0.019981 0.936358 0.038676 0.004984
0.030606 0.892279 0.077105 0.000010
0.015864 0.933166 0.050961 0.000010
0.012589 0.930560 0.056840 0.000010
0.002412 0.938570 0.059008 0.000010
0.043503 0.899478 0.057009 0.000010
0.013181 0.942699 0.043272 0.000848
0.027036 0.909032 0.051565 0.012366
0.016905 0.927382 0.043260 0.012453
0.008969 0.964438 0.024823 0.001770
0.028753 0.934973 0.036264 0.000010
0.017241 0.959384 0.023365 0.000010
0.009707 0.920242 0.061836 0.008214
0.000010 0.948258 0.051722 0.000010
0.000010 0.960021 0.022343 0.017626
0.027718 0.930733 0.041540 0.000010
0.017755 0.926253 0.042380 0.013612
0.029156 0.952829 0.017813 0.000202
0.006789 0.953468 0.031675 0.008068
0.000010 0.938120 0.048015 0.013855
0.000010 0.959648 0.040332 0.000010
0.003288 0.926830 0.061624 0.008257
0.000046 0.922738 0.077206 0.000010
0.002464 0.000010 0.007782 0.989744
0.000736 0.000010 0.030378 0.968876
0.000010 0.000010 0.009726 0.990254
0.000010 0.000010 0.010964 0.989016
0.000010 0.000010 0.008141 0.991839
0.000010 0.000010 0.014184 0.985796
0.000010 0.000010 0.003891 0.996089
0.000010 0.000010 0.027239 0.972741
0.000010 0.000010 0.025033 0.974947
0.000010 0.000010 0.023921 0.976059
0.000010 0.000010 0.023035 0.976945
0.000010 0.000010 0.013416 0.986564
0.000010 0.000010 0.003179 0.996801
0.000010 0.000010 0.022624 0.977356
0.000010 0.000010 0.012209 0.987771
0.000010 0.000010 0.012008 0.987972
0.005999 0.000010 0.001212 0.992779
0.000010 0.000010 0.008445 0.991535
0.000010 0.000010 0.022830 0.977150
0.000010 0.000010 0.029224 0.970756
0.000010 0.000010 0.006324 0.993656
0.000010 0.000010 0.026380 0.973600
0.000138 0.002208 0.029474 0.968179
0.000010 0.000010 0.036637 0.963343
0.000012 0.000010 0.041576 0.958402
0.000010 0.000010 0.035032 0.964948
0.000010 0.000010 0.038324 0.961656
0.000010 0.000010 0.033718 0.966262
0.000010 0.000010 0.054508 0.945472
0.000010 0.000010 0.039975 0.960005
0.000010 0.000010 0.060451 0.939529
0.000462 0.000010 0.041180 0.958348
0.005417 0.000010 0.037699 0.956874
0.000010 0.000010 0.003516 0.996464
0.002548 0.000010 0.030137 0.967305
0.003595 0.000010 0.050209 0.946186
0.000010 0.000010 0.073850 0.926130
0.000010 0.000010 0.042541 0.957439
0.004986 0.000010 0.037959 0.957045
0.000010 0.000010 0.020070 0.979910
0.000010 0.000010 0.027008 0.972972
0.003928 0.000010 0.045140 0.950923
0.000010 0.000130 0.040089 0.959771
0.000010 0.000010 0.018550 0.981430
0.000010 0.000010 0.035675 0.964305
0.000010 0.000010 0.032869 0.967111
0.009266 0.000010 0.041958 0.948766
0.000010 0.000010 0.044364 0.955616
0.000010 0.000010 0.031634 0.968346
0.001815 0.000010 0.038450 0.959725
0.000010 0.000010 0.043150 0.956830
0.008892 0.000010 0.044889 0.946209
0.000010 0.000010 0.021241 0.978739
0.009688 0.000010 0.030644 0.959658
0.000010 0.000010 0.050236 0.949744
0.000010 0.000010 0.037864 0.962116
0.847370 0.133472 0.017393 0.001765
0.560221 0.081571 0.267914 0.090294
0.973760 0.016234 0.009997 0.000010
0.848905 0.143764 0.005694 0.001638
0.952205 0.047332 0.000454 0.000010
0.887164 0.092944 0.001933 0.017959
0.959319 0.032970 0.000010 0.007701
0.883702 0.109984 0.006304 0.000010
0.046992 0.409952 0.000010 0.543047
0.094998 0.459562 0.000010 0.445430
0.923990 0.057222 0.003417 0.015370
0.961780 0.022576 0.005834 0.009810
0.890783 0.092049 0.017158 0.000010
0.851971 0.138861 0.000010 0.009158
0.914295 0.085685 0.000010 0.000010
0.000010 0.353433 0.000010 0.646547
0.000010 0.399441 0.000010 0.600539
0.000010 0.283353 0.000010 0.716627
0.000010 0.404223 0.000010 0.595757
0.000010 0.268218 0.000010 0.731762
0.100280 0.303947 0.000010 0.595763
0.000010 0.236729 0.000010 0.763251
0.000010 0.285885 0.000010 0.714095
0.000010 0.407842 0.000010 0.592138
0.065610 0.399615 0.000010 0.534765
0.000010 0.451712 0.000010 0.548268
0.009353 0.474658 0.000010 0.515979
0.000010 0.251639 0.000010 0.748341
0.000010 0.441140 0.000010 0.558840
0.013781 0.352109 0.000010 0.634100
0.000010 0.373727 0.000010 0.626253
0.000010 0.207904 0.000010 0.792076
0.000010 0.405132 0.000010 0.594848
0.002615 0.503995 0.000010 0.493380
0.157921 0.279005 0.000010 0.563065
0.022599 0.310226 0.000010 0.667164
0.000010 0.240974 0.000010 0.759006
0.000010 0.301317 0.000010 0.698663
0.000010 0.304567 0.000010 0.695413
0.912017 0.086322 0.000010 0.001651
0.862851 0.123568 0.003022 0.010559
0.000010 0.246718 0.000010 0.753262
0.078181 0.479372 0.000010 0.442437
0.000010 0.523360 0.000010 0.476620
0.000010 0.254213 0.000010 0.745767
0.000010 0.481166 0.000010 0.518814
0.122538 0.408448 0.000010 0.469004
0.007298 0.355856 0.000010 0.636836
0.000010 0.273619 0.000010 0.726361
0.000010 0.495066 0.000010 0.504914
0.000010 0.387270 0.000010 0.612710
0.000010 0.469644 0.000010 0.530336
0.000010 0.431859 0.000010 0.568121
0.000010 0.414573 0.000010 0.585407
0.920132 0.073420 0.001670 0.004779
0.866925 0.119807 0.008745 0.004523
0.391030 0.435078 0.054604 0.119288
0.628133 0.226134 0.009000 0.136732
0.921131 0.060878 0.000010 0.017982
0.003231 0.421941 0.000010 0.574818
0.000010 0.303733 0.000010 0.696247
0.000010 0.339595 0.000010 0.660385
0.000010 0.396380 0.000010 0.603600
0.000010 0.368960 0.000010 0.631020
0.362265 0.391924 0.000010 0.245802
0.000010 0.358600 0.000010 0.641380
0.859959 0.113482 0.014963 0.011597
0.820902 0.167983 0.010087 0.001029
0.942193 0.044772 0.002078 0.010957
0.953621 0.033071 0.006324 0.006984
0.859197 0.127475 0.013319 0.000010
0.006095 0.010476 0.124086 0.859343
0.000010 0.002413 0.059849 0.937728
0.005048 0.003977 0.018749 0.972226
0.005191 0.000010 0.048201 0.946598
0.005969 0.000010 0.034687 0.959334
0.000012 0.000010 0.022409 0.977569
0.000662 0.000010 0.021635 0.977693
0.000010 0.000010 0.035048 0.964932
0.002407 0.000010 0.011316 0.986267
0.000759 0.000010 0.020058 0.979172
0.000010 0.000010 0.008979 0.991001
0.003375 0.000010 0.038330 0.958285
0.000010 0.000010 0.040640 0.959340
0.010653 0.000010 0.027300 0.962037
0.000010 0.000010 0.055021 0.944959
0.000010 0.000010 0.053590 0.946390
0.000010 0.000010 0.033384 0.966596
0.969805 0.025584 0.000010 0.004600
0.972741 0.018463 0.005206 0.003590
0.935879 0.063666 0.000445 0.000010
0.856909 0.127920 0.003779 0.011392
0.000010 0.000010 0.059434 0.940546
0.005847 0.000010 0.074718 0.919425
0.000010 0.000010 0.035016 0.964964
0.000014 0.000010 0.053135 0.946840
0.000010 0.000010 0.040986 0.958994
0.014126 0.000010 0.042001 0.943862
0.000010 0.000010 0.052442 0.947538
0.000010 0.000010 0.037297 0.962683
0.000010 0.007377 0.044519 0.948094
0.000010 0.000010 0.027503 0.972477
0.002801 0.000010 0.046255 0.950934
0.000010 0.000010 0.034468 0.965512
0.000010 0.000010 0.035752 0.964228
0.000605 0.000010 0.027078 0.972307
0.000010 0.000010 0.038750 0.961230
0.000010 0.001209 0.026279 0.972502
0.000017 0.000010 0.017522 0.982450
0.000010 0.000010 0.049022 0.950958
0.001524 0.000010 0.045025 0.953441
0.004854 0.000010 0.030304 0.964832
0.007298 0.000010 0.019047 0.973645
0.000010 0.478812 0.000010 0.521168
0.108881 0.448867 0.000010 0.442243
0.921597 0.070439 0.007955 0.000010
0.000010 0.354921 0.000010 0.645059
0.000010 0.319338 0.000010 0.680642
0.000010 0.283484 0.000010 0.716496
0.979276 0.020704 0.000010 0.000010
0.823158 0.162958 0.003229 0.010655
0.915603 0.083553 0.000834 0.000010
0.000010 0.000010 0.037666 0.962314
0.002178 0.000010 0.054599 0.943213
0.002087 0.002671 0.042958 0.952284
0.000010 0.000010 0.026473 0.973507
0.000010 0.000010 0.018514 0.981466
0.001956 0.000687 0.040065 0.957292
0.000010 0.000010 0.035580 0.964400
0.002622 0.000010 0.118519 0.878850
0.003555 0.000010 0.037562 0.958873
0.005446 0.000010 0.023955 0.970589
0.000011 0.000010 0.059136 0.940843
0.000010 0.000010 0.037663 0.962317
0.006824 0.000010 0.029340 0.963826
0.007646 0.000010 0.017619 0.974725
0.004408 0.000010 0.051757 0.943825
0.000010 0.000010 0.039759 0.960221
0.000010 0.078818 0.050152 0.871020
0.801439 0.175464 0.003846 0.019250
0.932959 0.067021 0.000010 0.000010
0.000010 0.325427 0.000010 0.674553
0.000010 0.294210 0.000010 0.705770
0.000010 0.282193 0.000010 0.717787
0.000010 0.000010 0.032929 0.967051
0.000010 0.000010 0.025303 0.974677
0.000010 0.000010 0.016445 0.983535
0.000010 0.000010 0.001481 0.998499
0.000010 0.000010 0.028777 0.971203
0.000010 0.000010 0.037059 0.962921
0.000010 0.000010 0.016139 0.983841
0.000825 0.000010 0.028481 0.970684
0.000010 0.000010 0.016966 0.983014
0.000010 0.000010 0.019154 0.980826
0.000010 0.000010 0.016552 0.983428
0.007074 0.000010 0.011481 0.981434
0.000013 0.000010 0.007927 0.992050
0.000010 0.000010 0.023163 0.976817
0.000010 0.000010 0.024233 0.975747
0.000010 0.000010 0.041479 0.958501
0.000010 0.000010 0.014991 0.984989
0.000010 0.000010 0.035957 0.964023
0.000010 0.000010 0.015781 0.984199
0.000010 0.000010 0.018463 0.981517
0.000010 0.000010 0.008863 0.991117
0.000235 0.000010 0.022203 0.977552
0.001953 0.000010 0.018177 0.979860
0.000010 0.000010 0.019599 0.980381
0.000010 0.000010 0.035560 0.964420
0.000010 0.933836 0.066144 0.000010
0.012671 0.960128 0.027191 0.000010
0.009449 0.917129 0.073412 0.000010
0.020655 0.935905 0.043430 0.000010
0.017990 0.923180 0.058820 0.000010
0.003035 0.950952 0.046003 0.000010
0.001687 0.940923 0.057380 0.000010
0.024231 0.931091 0.044667 0.000010
0.033532 0.945420 0.021038 0.000010
0.030618 0.945925 0.023447 0.000010
0.010868 0.930823 0.038883 0.019426
0.022888 0.926114 0.050989 0.000010
0.019213 0.933212 0.045103 0.002471
0.045331 0.867025 0.086054 0.001590
0.000010 0.000010 0.007296 0.992684
0.000010 0.494499 0.000010 0.505481
0.000010 0.567062 0.000010 0.432918
0.920457 0.059172 0.000096 0.020275
0.784419 0.189902 0.001460 0.024219
0.000010 0.252164 0.000010 0.747816
0.000010 0.373761 0.000010 0.626219
0.000010 0.404127 0.000010 0.595853
0.000010 0.299203 0.000010 0.700777
0.000010 0.295592 0.000010 0.704388
0.000010 0.261242 0.000010 0.738738
0.000010 0.226621 0.000010 0.773359
0.231236 0.307501 0.000010 0.461253
0.000010 0.273805 0.000010 0.726175
0.000010 0.458680 0.000010 0.541300
0.000010 0.311289 0.000010 0.688691
0.956637 0.037087 0.000419 0.005856
0.778234 0.192505 0.017209 0.012052
0.791473 0.187543 0.017202 0.003783
0.829143 0.158185 0.000010 0.012662
0.004885 0.394806 0.000010 0.600298
0.000010 0.399099 0.000010 0.600881
0.000010 0.264631 0.000010 0.735349
0.000010 0.351897 0.000010 0.648083
0.004115 0.530549 0.000010 0.465326
0.000010 0.337721 0.000010 0.662259
0.000010 0.375046 0.000010 0.624934
0.023371 0.359146 0.000010 0.617473
0.935816 0.048296 0.015755 0.000133
0.900503 0.085978 0.005582 0.007937
0.901024 0.076788 0.020062 0.002126
0.000010 0.547690 0.000010 0.452290
0.930684 0.063466 0.000010 0.005841
0.872278 0.117490 0.010221 0.000010
0.938578 0.061402 0.000010 0.000010
0.944153 0.055827 0.000010 0.000010
0.875294 0.119187 0.005509 0.000010
0.928292 0.067882 0.003816 0.000010
0.715844 0.100251 0.041618 0.142287
0.891491 0.083678 0.024820 0.000010
0.897994 0.100241 0.000010 0.001755
0.736787 0.250581 0.008236 0.004397
0.888737 0.083174 0.028079 0.000010
0.976686 0.010794 0.005762 0.006759
0.593520 0.261205 0.055857 0.089417
0.069705 0.486374 0.000010 0.443911
0.000010 0.359211 0.000010 0.640769
0.005949 0.004012 0.023761 0.966279
0.001015 0.000010 0.026159 0.972816
0.000010 0.000010 0.015802 0.984178
0.000010 0.000010 0.004552 0.995428
0.000010 0.000010 0.018828 0.981152
0.000013 0.000010 0.014677 0.985300
0.015783 0.000010 0.000010 0.984197
0.000010 0.000010 0.014111 0.985869
0.000010 0.000010 0.013698 0.986282
0.000010 0.000010 0.015812 0.984168
0.000010 0.000010 0.016408 0.983572
0.000010 0.000010 0.008226 0.991754
0.000010 0.000010 0.020711 0.979269
0.000010 0.000010 0.008988 0.990992
0.000010 0.000010 0.019690 0.980290
0.000010 0.006075 0.014589 0.979326
0.001530 0.000010 0.026461 0.971999
0.000010 0.000010 0.006744 0.993236
0.000010 0.000010 0.040884 0.959096
0.000010 0.000010 0.014812 0.985168
0.000010 0.000010 0.019312 0.980668
0.000011 0.000010 0.012157 0.987822
0.000010 0.000010 0.024298 0.975682
0.000010 0.000010 0.023446 0.976534
0.000010 0.000010 0.019211 0.980769
0.000010 0.000010 0.013266 0.986714
0.000010 0.000010 0.019135 0.980845
0.001993 0.000010 0.020874 0.977123
0.000010 0.000010 0.030751 0.969229
0.000010 0.000010 0.012445 0.987535
0.000010 0.000010 0.008352 0.991628
0.000010 0.000010 0.025033 0.974947
0.000010 0.000010 0.018321 0.981659
0.000010 0.000010 0.008441 0.991539
0.000010 0.000010 0.028292 0.971688
0.000010 0.000010 0.012669 0.987311
0.000010 0.000010 0.026797 0.973183
0.914209 0.065482 0.016805 0.003503
0.417322 0.426387 0.015074 0.141218
0.051090 0.508190 0.000010 0.440710
0.912632 0.071310 0.014176 0.001881
0.910188 0.077356 0.010695 0.001761
0.673885 0.162638 0.024301 0.139176
0.695245 0.141489 0.037497 0.125770
0.939040 0.045062 0.014289 0.001608
0.733565 0.118199 0.025772 0.122464
0.638522 0.215576 0.007293 0.138609
0.947185 0.035980 0.015810 0.001025
0.922922 0.066257 0.009650 0.001171
0.853331 0.125004 0.020780 0.000885
0.989913 0.005101 0.004075 0.000911
0.957488 0.042492 0.000010 0.000010
0.990169 0.008320 0.001501 0.000010
0.988329 0.011651 0.000010 0.000010
0.932534 0.060934 0.000010 0.006523
0.933291 0.060745 0.005473 0.000491
0.858762 0.140805 0.000424 0.000010
0.861983 0.127775 0.000010 0.010232
0.914957 0.079894 0.005139 0.000010
0.885387 0.101695 0.003576 0.009342
0.731024 0.241309 0.024709 0.002957
0.882336 0.102136 0.000010 0.015518
0.000010 0.350959 0.644253 0.004778
0.000010 0.288549 0.678890 0.032551
0.013192 0.300037 0.647347 0.039424
0.006268 0.319348 0.626395 0.047989
0.922214 0.077766 0.000010 0.000010
0.954358 0.045622 0.000010 0.000010
0.786728 0.198361 0.011251 0.003660
0.810786 0.163356 0.000802 0.025056
0.881481 0.114607 0.003903 0.000010
0.920400 0.061913 0.000010 0.017676
0.943460 0.043104 0.008664 0.004771
0.000010 0.000010 0.049008 0.950972
0.000010 0.000010 0.017068 0.982912
0.000010 0.000010 0.028322 0.971658
0.000013 0.000010 0.054000 0.945977
0.798820 0.190301 0.010869 0.000010
0.944388 0.041267 0.006624 0.007721
0.822714 0.168868 0.003328 0.005091
0.906834 0.085737 0.007419 0.000010
0.939282 0.051595 0.002971 0.006151
0.958114 0.032346 0.009530 0.000010
0.897027 0.099030 0.000010 0.003933
0.876310 0.111988 0.011692 0.000010
0.929538 0.053127 0.017325 0.000010
0.915769 0.077576 0.000239 0.006417
0.963962 0.028696 0.000010 0.007332
0.978539 0.011611 0.006172 0.003678
0.980141 0.019839 0.000010 0.000010
0.999969 0.000011 0.000010 0.000010
0.990823 0.009157 0.000010 0.000010
0.976071 0.023909 0.000010 0.000010
0.956575 0.043405 0.000010 0.000010
0.780047 0.206048 0.013895 0.000010
0.839978 0.153237 0.000010 0.006774
0.981117 0.018863 0.000010 0.000010
0.995821 0.004159 0.000010 0.000010
0.988247 0.011459 0.000284 0.000010
0.990036 0.009944 0.000010 0.000010
0.988917 0.011063 0.000010 0.000010
0.973745 0.018870 0.001341 0.006044
0.985172 0.011874 0.000010 0.002944
0.988211 0.011769 0.000010 0.000010
0.007039 0.348538 0.640766 0.003657
0.000010 0.226116 0.713065 0.060809
0.003423 0.239976 0.685096 0.071505
0.000010 0.314798 0.649204 0.035988
0.000462 0.368604 0.611674 0.019261
0.989672 0.010308 0.000010 0.000010
0.988327 0.004605 0.003036 0.004033
0.947754 0.043779 0.004921 0.003546
0.959425 0.040555 0.000010 0.000010
0.987425 0.007312 0.000010 0.005254
0.989964 0.002059 0.000180 0.007797
0.991647 0.008333 0.000010 0.000010
0.996007 0.000010 0.003973 0.000010
0.993006 0.005319 0.001665 0.000010
0.985699 0.014278 0.000013 0.000010
0.976611 0.023369 0.000010 0.000010
0.989064 0.010916 0.000010 0.000010
0.984689 0.015291 0.000010 0.000010
0.973831 0.023058 0.000010 0.003101
0.976258 0.008484 0.000010 0.015248
0.981893 0.012971 0.000847 0.004289
0.013511 0.378143 0.550401 0.057944
0.014991 0.394891 0.582927 0.007191
0.000010 0.326289 0.633218 0.040483
0.005878 0.345579 0.611449 0.037093
0.004193 0.387626 0.590050 0.018131
0.004014 0.397868 0.557978 0.040141
0.001619 0.259383 0.679996 0.059002
0.009346 0.273643 0.668844 0.048167
0.000010 0.295858 0.644609 0.059523
0.005966 0.293558 0.651679 0.048797
0.994060 0.001892 0.004039 0.000010
0.979038 0.009337 0.000010 0.011615
0.984776 0.005452 0.009762 0.000010
0.959976 0.040004 0.000010 0.000010
0.969296 0.013395 0.017299 0.000010
0.984038 0.007239 0.008714 0.000010
0.000010 0.356359 0.604345 0.039287
0.000010 0.375072 0.596038 0.028881
0.016621 0.167547 0.751118 0.064714
0.002496 0.169091 0.763991 0.064423
0.010147 0.137182 0.822210 0.030461
0.000010 0.172537 0.751595 0.075858
0.005557 0.358353 0.609158 0.026932
0.005214 0.382242 0.592810 0.019734
0.000010 0.393442 0.606538 0.000010
0.011846 0.265681 0.674972 0.047501
0.014164 0.350565 0.610516 0.024755
0.004666 0.402051 0.579531 0.013751
0.000010 0.359025 0.608861 0.032104
0.961351 0.032535 0.004386 0.001727
0.997599 0.002381 0.000010 0.000010
0.980383 0.011399 0.000010 0.008208
0.981158 0.015726 0.000010 0.003106
0.979649 0.013451 0.006890 0.000010
0.984300 0.015252 0.000010 0.000438
0.000010 0.137137 0.774837 0.088016
0.000010 0.146715 0.761686 0.091588
0.000232 0.157685 0.763015 0.079068
0.000010 0.140871 0.769555 0.089564
0.016233 0.283354 0.680484 0.019929
0.010974 0.311835 0.666115 0.011077
0.000892 0.367367 0.584127 0.047614
0.000010 0.338416 0.626389 0.035185
0.000010 0.348722 0.609517 0.041751
0.988629 0.005621 0.000803 0.004947
0.996287 0.000010 0.003693 0.000010
0.988103 0.011877 0.000010 0.000010
0.973355 0.026625 0.000010 0.000010
0.990747 0.009233 0.000010 0.000010
0.998595 0.000010 0.001385 0.000010
0.978573 0.020966 0.000451 0.000010
0.999970 0.000010 0.000010 0.000010
0.983830 0.003544 0.008078 0.004548
0.009767 0.218933 0.694790 0.076510
0.013425 0.144964 0.750435 0.091176
