0.022445 0.000010 0.000010 0.000010 0.000010 0.840406 0.054497 0.023183 0.059429
0.022226 0.000010 0.000010 0.005910 0.000010 0.813708 0.080335 0.000010 0.077781
0.000010 0.545500 0.352686 0.007611 0.000010 0.000010 0.093507 0.000656 0.000010
0.000010 0.556670 0.340179 0.000339 0.000010 0.013207 0.089564 0.000010 0.000010
0.010280 0.000010 0.000010 0.000010 0.000010 0.003439 0.015650 0.000010 0.970581
0.000010 0.046710 0.000010 0.010112 0.904133 0.017281 0.020987 0.000010 0.000747
0.003464 0.245191 0.705643 0.005692 0.000010 0.006070 0.033909 0.000010 0.000010
0.401387 0.000010 0.000010 0.000010 0.000010 0.000010 0.000010 0.000010 0.598543
0.029021 0.030784 0.030457 0.000010 0.884436 0.007526 0.015913 0.000655 0.001197
0.004228 0.017193 0.000010 0.000010 0.978519 0.000010 0.000010 0.000010 0.000010
0.004816 0.013054 0.000010 0.000010 0.941162 0.017615 0.014939 0.008383 0.000010
0.000010 0.000010 0.000010 0.160993 0.000013 0.000010 0.000010 0.838934 0.000010
0.000010 0.000010 0.000010 0.000010 0.000015 0.999915 0.000010 0.000010 0.000010
0.000010 0.561302 0.429179 0.000010 0.000010 0.009459 0.000010 0.000010 0.000010
0.000010 0.000010 0.000010 0.000010 0.999920 0.000010 0.000010 0.000010 0.000010
0.000010 0.238154 0.725841 0.001209 0.000010 0.008388 0.019815 0.000010 0.006562
0.013415 0.237947 0.713831 0.000010 0.000010 0.012254 0.022512 0.000010 0.000010
0.000047 0.182080 0.767143 0.020371 0.000010 0.000010 0.030319 0.000010 0.000010
0.000010 0.252044 0.731612 0.002963 0.000010 0.004944 0.000010 0.008396 0.000010
0.001409 0.243750 0.727067 0.000010 0.001291 0.011903 0.000010 0.014550 0.000010
0.000010 0.156943 0.770582 0.000010 0.000010 0.000010 0.064342 0.008083 0.000010
0.006554 0.236187 0.740931 0.000010 0.000010 0.012297 0.000010 0.001979 0.002021
0.000010 0.251284 0.715736 0.000010 0.002824 0.000010 0.017102 0.013014 0.000010
0.000010 0.220024 0.735135 0.011806 0.004492 0.000010 0.026820 0.000010 0.001694
0.000010 0.215439 0.748798 0.010210 0.000010 0.000010 0.025502 0.000010 0.000010
0.000010 0.217706 0.772936 0.000763 0.002119 0.000010 0.000010 0.004220 0.002225
0.006174 0.234162 0.736253 0.018311 0.000010 0.000149 0.004921 0.000010 0.000010
0.002808 0.238790 0.747475 0.009285 0.000010 0.000010 0.000010 0.000010 0.001601
0.003527 0.220882 0.752521 0.000010 0.000010 0.000010 0.023020 0.000010 0.000010
0.000010 0.193826 0.766575 0.005579 0.000010 0.001724 0.029133 0.003133 0.000010
0.000010 0.267462 0.704849 0.000010 0.000010 0.000010 0.014879 0.012760 0.000010
0.000010 0.258293 0.720330 0.002411 0.000010 0.000142 0.018238 0.000010 0.000555
0.002049 0.231449 0.753150 0.007306 0.000010 0.000643 0.005373 0.000010 0.000010
0.000010 0.234379 0.728574 0.007133 0.000012 0.008736 0.021136 0.000010 0.000010
0.002083 0.221546 0.754173 0.013454 0.000010 0.000010 0.000010 0.000010 0.008705
0.000010 0.207630 0.764397 0.000010 0.000010 0.009918 0.018006 0.000010 0.000010
0.002931 0.225110 0.728994 0.021465 0.000010 0.001775 0.016737 0.000010 0.002967
0.000010 0.217586 0.767537 0.006044 0.000010 0.000010 0.004477 0.004315 0.000010
0.014309 0.190352 0.795279 0.000010 0.000010 0.000010 0.000010 0.000010 0.000010
0.000010 0.213993 0.774287 0.000010 0.001571 0.000010 0.007253 0.002856 0.000010
0.000010 0.226914 0.759445 0.009626 0.000010 0.000138 0.000010 0.003837 0.000010
0.000010 0.231381 0.736515 0.000010 0.006781 0.000010 0.011892 0.013391 0.000010
0.014184 0.172778 0.773099 0.009417 0.013098 0.010208 0.007195 0.000010 0.000010
0.000010 0.233579 0.730719 0.003816 0.000010 0.009551 0.018446 0.003857 0.000010
0.003984 0.263041 0.707467 0.000010 0.000010 0.005162 0.016912 0.000010 0.003404
0.000010 0.250796 0.719697 0.000010 0.000010 0.003781 0.025676 0.000010 0.000010
0.002575 0.220800 0.759889 0.002687 0.000010 0.000010 0.012923 0.000010 0.001096
0.003592 0.258220 0.719241 0.001318 0.000010 0.002138 0.015461 0.000010 0.000010
0.000010 0.245197 0.703779 0.010927 0.000010 0.000297 0.039760 0.000010 0.000010
0.000010 0.270615 0.715913 0.000010 0.000010 0.000010 0.013413 0.000010 0.000010
0.000010 0.257092 0.719935 0.000010 0.000010 0.011604 0.011319 0.000010 0.000010
0.000010 0.191234 0.755623 0.007718 0.004259 0.002454 0.030193 0.008499 0.000010
0.000010 0.241673 0.742398 0.004808 0.005352 0.000010 0.003568 0.002171 0.000010
0.006543 0.228488 0.743435 0.000010 0.000010 0.001333 0.017292 0.002878 0.000010
0.000010 0.260607 0.728445 0.000010 0.000010 0.000010 0.010888 0.000010 0.000010
0.000010 0.214506 0.757514 0.008478 0.000011 0.008260 0.000010 0.006798 0.004414
0.004967 0.259277 0.719552 0.001880 0.010304 0.000010 0.000010 0.003990 0.000010
0.000010 0.235880 0.744720 0.000010 0.000010 0.009763 0.000010 0.009587 0.000010
0.000010 0.231409 0.745922 0.000010 0.000010 0.002608 0.020010 0.000010 0.000010
0.000010 0.224328 0.751566 0.000010 0.009198 0.007068 0.004499 0.003310 0.000010
0.000010 0.264823 0.718962 0.000010 0.000010 0.002183 0.009604 0.004388 0.000010
0.000010 0.243319 0.712499 0.012650 0.001816 0.004445 0.025050 0.000200 0.000010
0.000010 0.266219 0.713990 0.005448 0.000010 0.014292 0.000010 0.000010 0.000010
0.000544 0.235568 0.745399 0.000010 0.001742 0.000010 0.013374 0.003342 0.000010
0.000010 0.219671 0.757068 0.000010 0.000010 0.003785 0.000010 0.000010 0.019426
0.000010 0.238365 0.692904 0.011149 0.000010 0.007146 0.039852 0.000010 0.010554
0.000010 0.219729 0.753020 0.004044 0.000010 0.018944 0.004222 0.000010 0.000010
0.000010 0.248747 0.719973 0.001048 0.000010 0.000280 0.026734 0.000301 0.002897
0.000010 0.259870 0.727723 0.012346 0.000010 0.000010 0.000010 0.000010 0.000010
0.000010 0.248647 0.724612 0.014477 0.000010 0.011534 0.000010 0.000690 0.000010
0.000010 0.240526 0.713650 0.017608 0.000010 0.000010 0.007994 0.000010 0.020181
0.000010 0.226816 0.743950 0.000383 0.000010 0.015045 0.000010 0.012827 0.000949
0.024823 0.226145 0.720559 0.001336 0.000010 0.009058 0.007926 0.010134 0.000010
0.000010 0.256576 0.724248 0.000010 0.000010 0.011955 0.000010 0.000010 0.007171
0.000010 0.237802 0.725418 0.000010 0.000010 0.006724 0.024261 0.005756 0.000010
0.087832 0.000010 0.909375 0.000010 0.000547 0.000010 0.000010 0.002197 0.000010
0.081706 0.025565 0.883316 0.000010 0.000010 0.000010 0.000010 0.009363 0.000010
0.047170 0.066262 0.858629 0.012184 0.000010 0.007539 0.004487 0.003708 0.000010
0.084810 0.010375 0.890520 0.000291 0.013964 0.000010 0.000010 0.000010 0.000010
0.073371 0.019449 0.874272 0.012334 0.015756 0.000586 0.000010 0.004212 0.000010
0.059338 0.010730 0.876229 0.007883 0.007207 0.008454 0.029398 0.000751 0.000010
0.069716 0.036688 0.876347 0.010923 0.001435 0.000010 0.004862 0.000010 0.000010
0.081325 0.025253 0.870848 0.000010 0.000010 0.000010 0.011537 0.010998 0.000010
0.068541 0.191642 0.720961 0.000010 0.016449 0.000010 0.002366 0.000010 0.000010
0.071955 0.000010 0.877364 0.000010 0.005229 0.000010 0.015936 0.029476 0.000010
0.067401 0.000033 0.870732 0.013685 0.006495 0.005421 0.030364 0.005859 0.000010
0.073842 0.000010 0.878049 0.000010 0.011239 0.000010 0.034917 0.001913 0.000010
0.070447 0.025093 0.859436 0.000010 0.009766 0.010362 0.008131 0.016745 0.000010
0.086233 0.026286 0.862471 0.019588 0.005380 0.000010 0.000010 0.000012 0.000010
0.060644 0.014599 0.900346 0.000673 0.006128 0.004440 0.013150 0.000010 0.000010
0.087365 0.042368 0.841597 0.013642 0.000531 0.008013 0.006238 0.000235 0.000010
0.052135 0.072532 0.840220 0.000964 0.015865 0.000010 0.010653 0.007610 0.000010
0.000861 0.249000 0.709664 0.000010 0.000010 0.000010 0.013483 0.026953 0.000010
0.000010 0.247686 0.708519 0.000832 0.000010 0.008896 0.032015 0.002022 0.000010
0.000010 0.262176 0.723900 0.005706 0.004450 0.003727 0.000010 0.000010 0.000010
0.000010 0.232538 0.720016 0.002871 0.000010 0.010386 0.034148 0.000010 0.000010
0.005841 0.260874 0.698492 0.000010 0.000010 0.000010 0.031162 0.003591 0.000010
0.003935 0.256891 0.725536 0.000010 0.009680 0.000010 0.003917 0.000010 0.000010
0.000010 0.252442 0.718667 0.004836 0.000010 0.001761 0.011395 0.010869 0.000010
0.000010 0.264845 0.688819 0.012530 0.000010 0.002260 0.031505 0.000010 0.000010
0.000010 0.226051 0.742661 0.001503 0.017532 0.005314 0.000010 0.001014 0.005905
0.000010 0.227915 0.755587 0.001876 0.000010 0.000424 0.010762 0.003406 0.000010
0.000010 0.252965 0.698983 0.001120 0.000010 0.007260 0.025989 0.013653 0.000010
0.000010 0.244651 0.720706 0.020956 0.000010 0.000010 0.011284 0.000010 0.002363
0.000010 0.285893 0.680642 0.012265 0.000010 0.009651 0.011509 0.000010 0.000010
0.000010 0.262433 0.717540 0.005670 0.000010 0.000010 0.014308 0.000010 0.000010
0.000010 0.233852 0.736992 0.000010 0.000010 0.020247 0.008858 0.000010 0.000010
0.003373 0.225771 0.744709 0.003144 0.000010 0.002648 0.000010 0.009601 0.010734
0.000010 0.301006 0.671668 0.000010 0.000010 0.000010 0.018397 0.004884 0.004005
0.005384 0.254944 0.702792 0.015400 0.000010 0.000261 0.021189 0.000010 0.000010
0.000010 0.254021 0.719603 0.006043 0.000012 0.001374 0.012858 0.000010 0.006069
0.000010 0.263227 0.718657 0.004083 0.005435 0.008276 0.000292 0.000010 0.000010
0.000010 0.270314 0.702656 0.000010 0.002989 0.013823 0.000010 0.005377 0.004811
0.000010 0.238212 0.743784 0.000010 0.001463 0.004612 0.008730 0.003169 0.000010
0.000010 0.215580 0.764794 0.000010 0.002935 0.006287 0.007164 0.001809 0.001410
0.000011 0.257299 0.707918 0.010158 0.000010 0.000010 0.024573 0.000010 0.000010
0.000010 0.253402 0.739915 0.000010 0.000010 0.001215 0.000010 0.000010 0.005417
0.000010 0.230678 0.751967 0.004647 0.000010 0.000010 0.009212 0.003456 0.000010
0.000010 0.228536 0.750819 0.002547 0.000010 0.012395 0.001104 0.004569 0.000010
0.000010 0.263067 0.723061 0.005656 0.000010 0.008166 0.000010 0.000010 0.000010
0.000010 0.285999 0.693401 0.005927 0.000010 0.000010 0.014623 0.000010 0.000010
0.000010 0.231431 0.729260 0.000010 0.000010 0.013783 0.023232 0.000010 0.002255
0.000010 0.242555 0.740487 0.000017 0.000010 0.006347 0.000010 0.010554 0.000010
0.000010 0.208196 0.769580 0.000010 0.000010 0.000684 0.001749 0.010950 0.008812
0.062351 0.035637 0.852250 0.012821 0.021275 0.004179 0.011468 0.000010 0.000010
0.069066 0.000010 0.890497 0.015233 0.000010 0.010492 0.014672 0.000010 0.000010
0.056208 0.023719 0.895771 0.000010 0.003379 0.000010 0.000010 0.020883 0.000010
0.044129 0.000010 0.903912 0.011421 0.000010 0.011525 0.019689 0.001941 0.007363
0.050242 0.044549 0.876055 0.006551 0.000010 0.014524 0.008049 0.000010 0.000010
0.089105 0.000010 0.870031 0.017724 0.003094 0.000010 0.020006 0.000010 0.000010
0.085718 0.000175 0.874690 0.004870 0.000010 0.001122 0.033396 0.000010 0.000010
0.054779 0.062114 0.849271 0.000010 0.000010 0.002640 0.000010 0.013426 0.017739
0.060887 0.061614 0.853220 0.000010 0.000010 0.000010 0.000010 0.010164 0.014074
0.033899 0.067796 0.853608 0.000953 0.000010 0.004927 0.029150 0.000010 0.009646
0.057445 0.000010 0.880551 0.021027 0.020357 0.015862 0.000010 0.004728 0.000010
0.036055 0.051528 0.851544 0.012625 0.006775 0.003280 0.025256 0.012926 0.000010
0.056649 0.023210 0.871301 0.019593 0.000890 0.000010 0.028328 0.000010 0.000010
0.081119 0.000010 0.894240 0.000010 0.000010 0.012374 0.008965 0.003262 0.000010
0.055152 0.007219 0.890000 0.002068 0.000010 0.006057 0.012178 0.019865 0.007451
0.076963 0.014833 0.874197 0.010608 0.000010 0.002580 0.016652 0.000010 0.004147
0.036589 0.007523 0.882089 0.016297 0.022617 0.005191 0.023553 0.006131 0.000010
0.073491 0.000010 0.911692 0.000010 0.000010 0.000010 0.006584 0.007053 0.001141
0.075049 0.000010 0.886716 0.001187 0.005492 0.002469 0.020228 0.008838 0.000010
0.084277 0.000010 0.891299 0.002281 0.000010 0.000010 0.022093 0.000010 0.000010
0.044903 0.024825 0.860512 0.004383 0.000010 0.006779 0.029612 0.000010 0.028966
0.090505 0.008619 0.883561 0.007104 0.000010 0.010171 0.000010 0.000010 0.000010
0.055011 0.000010 0.911350 0.010706 0.010152 0.002890 0.004295 0.005576 0.000010
0.079502 0.023739 0.858959 0.006683 0.008416 0.000010 0.022230 0.000450 0.000010
0.055006 0.040490 0.846893 0.007108 0.000010 0.000010 0.030384 0.000010 0.020088
0.052086 0.024091 0.867323 0.008637 0.000010 0.000010 0.024248 0.006073 0.017523
0.056926 0.026522 0.899086 0.000010 0.003730 0.000010 0.003302 0.010403 0.000010
0.040890 0.091503 0.843560 0.010889 0.007679 0.000010 0.005449 0.000010 0.000010
0.058104 0.044575 0.836098 0.000010 0.011267 0.005532 0.026419 0.017985 0.000010
0.069986 0.005000 0.893137 0.002221 0.001737 0.004156 0.023743 0.000010 0.000010
0.055147 0.056314 0.839442 0.000010 0.012274 0.005180 0.013673 0.017950 0.000010
0.056359 0.039912 0.879772 0.011319 0.000010 0.000010 0.004208 0.000015 0.008395
0.059978 0.000010 0.890045 0.017065 0.012930 0.002642 0.017310 0.000010 0.000010
0.065074 0.068095 0.838393 0.002685 0.003405 0.000851 0.002130 0.019357 0.000010
0.063883 0.007917 0.890251 0.011976 0.000010 0.006577 0.019145 0.000231 0.000010
0.068884 0.000010 0.874530 0.001998 0.025521 0.016169 0.000372 0.012505 0.000010
0.070340 0.000010 0.914398 0.008608 0.006604 0.000010 0.000010 0.000010 0.000010
0.087523 0.000010 0.880244 0.009642 0.000010 0.003110 0.000010 0.019441 0.000010
0.084246 0.000288 0.886429 0.000010 0.000010 0.000010 0.000010 0.028988 0.000010
0.068768 0.031145 0.855208 0.000010 0.000010 0.000010 0.037134 0.007705 0.000010
0.046499 0.034289 0.886710 0.011237 0.015731 0.001484 0.000010 0.004029 0.000010
0.042580 0.073889 0.838872 0.010025 0.000518 0.000010 0.021268 0.012827 0.000010
0.067349 0.038385 0.863350 0.000010 0.000010 0.004104 0.026772 0.000010 0.000010
0.061531 0.047910 0.862844 0.002511 0.000010 0.000010 0.018200 0.006974 0.000010
0.052806 0.065285 0.813379 0.019332 0.000557 0.004798 0.043822 0.000010 0.000010
0.042314 0.058615 0.874558 0.015405 0.000010 0.002258 0.000010 0.006821 0.000010
0.063155 0.057564 0.864328 0.000010 0.000010 0.001231 0.000010 0.013681 0.000010
0.073941 0.032587 0.864131 0.014693 0.013010 0.000966 0.000652 0.000010 0.000010
0.043451 0.064234 0.877376 0.010721 0.000010 0.000010 0.000010 0.004178 0.000010
0.062765 0.000010 0.923900 0.004322 0.008030 0.000010 0.000944 0.000010 0.000010
0.067323 0.040826 0.861314 0.001976 0.000010 0.002451 0.026079 0.000010 0.000010
0.042585 0.152821 0.752814 0.000010 0.015071 0.010442 0.013226 0.013021 0.000010
0.068370 0.007967 0.888527 0.000010 0.000010 0.013229 0.000010 0.000010 0.021867
0.059480 0.000010 0.899618 0.004217 0.011935 0.006568 0.000010 0.018151 0.000010
0.057705 0.101183 0.808665 0.016722 0.000010 0.008113 0.007582 0.000010 0.000010
0.071710 0.006883 0.901441 0.008587 0.000010 0.011338 0.000010 0.000010 0.000010
0.052633 0.028794 0.888999 0.000010 0.002025 0.003966 0.000010 0.023554 0.000010
0.075803 0.000010 0.898003 0.003474 0.000010 0.003883 0.017987 0.000820 0.000010
0.034332 0.100568 0.848887 0.000010 0.007166 0.002513 0.004914 0.001600 0.000010
0.049564 0.035331 0.872676 0.019465 0.008512 0.005919 0.000010 0.000010 0.008512
0.063167 0.017610 0.883308 0.000010 0.000010 0.004607 0.000010 0.005198 0.026079
0.048000 0.045223 0.884132 0.000010 0.000010 0.000010 0.011623 0.010982 0.000010
0.086951 0.029906 0.858294 0.000010 0.013002 0.000644 0.000010 0.011174 0.000010
0.057286 0.028850 0.889916 0.007351 0.000010 0.004915 0.006091 0.005571 0.000010
0.074564 0.000010 0.906443 0.000010 0.000010 0.000010 0.000010 0.018933 0.000010
0.069238 0.051583 0.851074 0.004798 0.004616 0.006101 0.012570 0.000010 0.000010
0.056141 0.043207 0.861069 0.010194 0.001088 0.000010 0.026315 0.001967 0.000010
0.075908 0.000010 0.876240 0.000010 0.004313 0.005520 0.035773 0.002216 0.000010
0.052692 0.018430 0.888987 0.000010 0.000895 0.002217 0.024414 0.012345 0.000010
0.038272 0.020218 0.874639 0.013806 0.008779 0.002010 0.026021 0.000010 0.016244
0.068581 0.000010 0.886928 0.000010 0.013414 0.000010 0.000010 0.031028 0.000010
0.063133 0.016482 0.858544 0.002885 0.008363 0.000010 0.036613 0.013959 0.000010
0.091854 0.044604 0.852315 0.000010 0.000010 0.000010 0.000010 0.011177 0.000010
0.071191 0.000010 0.879471 0.000010 0.000054 0.009339 0.016397 0.023517 0.000010
0.070644 0.010584 0.884112 0.018794 0.000601 0.000010 0.000646 0.014600 0.000010
0.061325 0.062849 0.836269 0.004176 0.000010 0.001262 0.022941 0.007711 0.003458
0.081292 0.024803 0.890691 0.000010 0.000010 0.000010 0.000010 0.003164 0.000010
0.081984 0.000010 0.870696 0.006687 0.002316 0.000010 0.029017 0.009269 0.000010
0.074973 0.000010 0.894429 0.004038 0.000583 0.003155 0.008188 0.014615 0.000010
0.067725 0.084472 0.821078 0.000010 0.000010 0.023000 0.003684 0.000010 0.000010
0.094058 0.013672 0.768772 0.040995 0.000010 0.000010 0.002787 0.010328 0.069369
0.080483 0.000010 0.886028 0.005352 0.003283 0.005209 0.017673 0.000010 0.001952
0.032587 0.000398 0.903083 0.014804 0.005914 0.004999 0.021203 0.000010 0.017002
0.031811 0.109937 0.816134 0.000010 0.000339 0.000010 0.011697 0.012162 0.017901
0.054767 0.000010 0.911495 0.000010 0.004683 0.000677 0.027312 0.000988 0.000058
0.075121 0.000010 0.883500 0.009874 0.000340 0.011481 0.010599 0.009065 0.000010
0.067419 0.000010 0.910821 0.002075 0.010138 0.009507 0.000010 0.000010 0.000010
0.051312 0.011336 0.878071 0.012354 0.002312 0.000010 0.041231 0.003363 0.000010
0.328447 0.000010 0.000010 0.000010 0.000010 0.000262 0.000010 0.000010 0.671232
0.306268 0.000010 0.000010 0.008464 0.000010 0.000010 0.000010 0.001717 0.683501
0.298706 0.000010 0.000010 0.000010 0.000010 0.000010 0.000010 0.000010 0.701224
0.257105 0.000010 0.000010 0.000010 0.000010 0.000010 0.000010 0.000010 0.742825
0.302182 0.000010 0.000010 0.005686 0.000010 0.007614 0.000010 0.002160 0.682319
0.313264 0.000010 0.000010 0.000010 0.000010 0.004436 0.000010 0.000010 0.682241
0.290420 0.000010 0.000010 0.000010 0.000010 0.000010 0.000010 0.000010 0.709510
0.328997 0.000010 0.000010 0.000010 0.000010 0.000456 0.003391 0.000010 0.667106
0.268064 0.000010 0.000010 0.002678 0.000010 0.000010 0.000010 0.000010 0.729197
0.286970 0.000010 0.000010 0.000010 0.000010 0.000010 0.000010 0.000010 0.712960
0.288808 0.000010 0.000010 0.000010 0.001185 0.000010 0.000010 0.000476 0.709481
0.291873 0.000010 0.000010 0.000010 0.000010 0.000010 0.000010 0.000010 0.708057
0.260941 0.000010 0.000010 0.000010 0.000010 0.000011 0.000010 0.000010 0.738988
0.304827 0.000010 0.000010 0.007847 0.000010 0.000010 0.005271 0.000010 0.682005
0.312177 0.000010 0.000010 0.000010 0.000010 0.008678 0.000010 0.000010 0.679084
0.325395 0.000010 0.000010 0.006012 0.000010 0.000010 0.000010 0.000010 0.668533
0.282664 0.000010 0.000010 0.000010 0.000010 0.000453 0.000010 0.009464 0.707369
0.299696 0.000010 0.000010 0.000010 0.000010 0.001290 0.000010 0.000010 0.698954
0.327484 0.000010 0.000010 0.000010 0.000010 0.000010 0.000010 0.000010 0.672446
0.300644 0.000010 0.000010 0.000010 0.000010 0.002947 0.000010 0.002155 0.694204
0.288294 0.000010 0.000010 0.002485 0.000010 0.000010 0.000010 0.000010 0.709161
0.323701 0.000010 0.000010 0.007244 0.000010 0.000010 0.000010 0.000010 0.668995
0.284477 0.000010 0.000010 0.005010 0.000010 0.001255 0.000010 0.003680 0.705538
0.279481 0.000010 0.000010 0.001903 0.000010 0.000010 0.000010 0.000010 0.718557
0.330653 0.000010 0.000010 0.000010 0.000010 0.000010 0.000010 0.000010 0.669277
0.282017 0.000010 0.000010 0.000690 0.000010 0.000010 0.000010 0.000010 0.717232
0.335281 0.000010 0.000010 0.000010 0.000010 0.000459 0.000010 0.000010 0.664201
0.285248 0.000010 0.000010 0.013232 0.000010 0.005434 0.000010 0.000010 0.696036
0.319739 0.000010 0.000010 0.005469 0.000010 0.000010 0.000010 0.000010 0.674733
0.301091 0.000010 0.000010 0.000010 0.000010 0.008582 0.000010 0.010759 0.679518
0.364679 0.000010 0.000010 0.000010 0.000010 0.000010 0.000010 0.000010 0.635251
0.297671 0.000010 0.000010 0.000010 0.000010 0.000010 0.000010 0.000010 0.702259
0.271985 0.000010 0.000863 0.000010 0.000010 0.004939 0.000010 0.000010 0.722163
0.341089 0.000010 0.000010 0.000010 0.000010 0.001361 0.000010 0.012864 0.644636
0.316243 0.000010 0.000010 0.005052 0.000010 0.002896 0.000010 0.000974 0.674795
0.281911 0.000010 0.000010 0.000360 0.003285 0.000010 0.000010 0.000010 0.714394
0.312782 0.000010 0.000010 0.000010 0.000010 0.004495 0.000010 0.009399 0.673275
0.320381 0.000010 0.000010 0.000010 0.000010 0.000010 0.006822 0.000010 0.672737
0.271498 0.000010 0.000010 0.004407 0.000010 0.000010 0.000010 0.000010 0.724035
0.274826 0.000010 0.000010 0.000010 0.000010 0.000010 0.000010 0.000010 0.725104
0.324386 0.000921 0.000010 0.000010 0.000010 0.000010 0.000010 0.002471 0.672172
0.281510 0.000010 0.000010 0.006750 0.000010 0.000010 0.000010 0.000010 0.711680
0.017540 0.357317 0.418870 0.053846 0.076752 0.000589 0.000010 0.075066 0.000010
0.000010 0.322645 0.251679 0.054895 0.165136 0.003831 0.044003 0.157791 0.000010
0.000010 0.342931 0.402842 0.009273 0.077867 0.015757 0.018868 0.132441 0.000010
0.322127 0.000010 0.000010 0.006492 0.000010 0.000010 0.000010 0.000010 0.671322
0.317659 0.000010 0.000010 0.011757 0.000010 0.000010 0.000010 0.000010 0.670524
0.394642 0.000010 0.000010 0.000010 0.000010 0.000010 0.000010 0.003534 0.601764
0.302695 0.000010 0.000010 0.000010 0.000010 0.008753 0.000010 0.000010 0.688492
0.325793 0.000010 0.000010 0.002178 0.000010 0.000010 0.000010 0.000010 0.671969
0.302444 0.000010 0.000010 0.016296 0.000010 0.000010 0.000010 0.000010 0.681200
0.320744 0.000010 0.000010 0.000010 0.000010 0.000010 0.000010 0.003757 0.675439
0.346227 0.000510 0.000010 0.000010 0.000010 0.000934 0.000010 0.000010 0.652279
0.236837 0.000010 0.000010 0.000010 0.000010 0.005360 0.000010 0.000010 0.757743
0.332025 0.000010 0.000010 0.000010 0.000010 0.000010 0.000010 0.000010 0.667905
0.344394 0.000010 0.000010 0.004608 0.000010 0.000010 0.000010 0.000010 0.650938
0.298293 0.000010 0.000010 0.004331 0.000010 0.000010 0.019795 0.000010 0.677530
0.436216 0.007973 0.005070 0.009242 0.000010 0.000010 0.000010 0.003655 0.537814
0.337313 0.000010 0.000010 0.000010 0.000010 0.000010 0.000010 0.000010 0.662617
0.322945 0.000010 0.000010 0.000010 0.000010 0.000010 0.000010 0.000010 0.676985
0.298972 0.000010 0.000010 0.000241 0.000010 0.000010 0.000010 0.000010 0.700727
0.309734 0.000010 0.000010 0.000010 0.000010 0.000010 0.000010 0.000010 0.690196
0.354965 0.000010 0.000010 0.000010 0.000010 0.000010 0.000010 0.000010 0.644965
0.342191 0.000010 0.000010 0.000010 0.000010 0.002004 0.000010 0.000010 0.655745
0.295144 0.000010 0.000010 0.000010 0.000010 0.000010 0.000010 0.000010 0.704786
0.346037 0.000010 0.000010 0.004767 0.000010 0.000010 0.000010 0.000010 0.649136
0.334699 0.000010 0.000010 0.000010 0.000010 0.000010 0.000010 0.000010 0.665231
0.325261 0.000010 0.000010 0.000010 0.000010 0.000061 0.000010 0.000010 0.674618
0.303824 0.000010 0.000010 0.000010 0.000010 0.000010 0.000010 0.000010 0.696106
0.309389 0.000010 0.000010 0.000457 0.000010 0.000010 0.000010 0.000010 0.690094
0.295156 0.000010 0.000010 0.000010 0.000010 0.000010 0.000010 0.000010 0.704774
0.289031 0.000010 0.000010 0.000935 0.000010 0.004018 0.000010 0.006044 0.699931
0.279402 0.000010 0.000010 0.002834 0.000010 0.000010 0.000010 0.000010 0.717704
0.269995 0.000010 0.000010 0.000010 0.000010 0.015925 0.002343 0.000010 0.711687
0.282259 0.000010 0.000010 0.000010 0.000010 0.000010 0.000010 0.000010 0.717671
0.333873 0.000010 0.000010 0.000010 0.000010 0.009118 0.000010 0.000010 0.656949
0.321108 0.000010 0.000010 0.000011 0.000010 0.000010 0.000010 0.000353 0.678477
0.343085 0.000010 0.000010 0.000010 0.000010 0.000010 0.000010 0.000010 0.656845
0.300620 0.000010 0.000010 0.000010 0.000010 0.005781 0.000010 0.000010 0.693539
0.281066 0.000010 0.000010 0.000010 0.000010 0.000010 0.000010 0.000010 0.718864
0.006519 0.310001 0.368056 0.058948 0.164411 0.014757 0.000010 0.070476 0.006821
0.000010 0.318421 0.334662 0.036612 0.155219 0.015182 0.000010 0.139873 0.000010
0.000010 0.388544 0.431658 0.019995 0.059718 0.018299 0.000010 0.081756 0.000010
0.005022 0.361161 0.390179 0.059137 0.076746 0.002305 0.000010 0.100314 0.005125
0.183934 0.000010 0.000010 0.000586 0.000010 0.000010 0.000010 0.000010 0.815420
0.212498 0.000010 0.000010 0.004261 0.000010 0.000010 0.000010 0.005862 0.777329
0.198781 0.000010 0.000010 0.000010 0.000010 0.000010 0.000010 0.000010 0.801149
0.236515 0.000010 0.000010 0.000010 0.000010 0.000010 0.000010 0.000010 0.763415
0.222276 0.000010 0.000010 0.000010 0.000010 0.014829 0.000010 0.000010 0.762835
0.236745 0.000010 0.000010 0.000010 0.000010 0.004087 0.000010 0.007912 0.751206
0.219969 0.000010 0.000010 0.000010 0.000010 0.000010 0.000010 0.002772 0.777198
0.207981 0.000010 0.000010 0.011040 0.000010 0.000010 0.000010 0.000010 0.780919
0.225791 0.000010 0.000010 0.000010 0.000010 0.005201 0.000010 0.000010 0.768948
0.204211 0.000010 0.000010 0.003663 0.000010 0.007994 0.000010 0.000010 0.784081
0.224901 0.000010 0.000010 0.000010 0.000010 0.002092 0.000010 0.000010 0.772947
0.234773 0.000010 0.000010 0.000010 0.000010 0.000010 0.000010 0.000010 0.765157
0.196438 0.000010 0.000010 0.011757 0.000010 0.009069 0.000010 0.000010 0.782686
0.233541 0.000010 0.000010 0.004453 0.000010 0.000010 0.000010 0.000010 0.761946
0.255965 0.000010 0.000010 0.000010 0.000010 0.000010 0.000010 0.000010 0.743965
0.205748 0.002943 0.000010 0.000010 0.000010 0.003296 0.000010 0.009894 0.778078
0.206950 0.000010 0.000010 0.000010 0.000010 0.005372 0.000010 0.012986 0.774641
0.240259 0.000010 0.000010 0.005917 0.002193 0.000733 0.000010 0.000010 0.750858
0.205123 0.000010 0.000010 0.003424 0.000010 0.000010 0.000010 0.000010 0.791393
0.271864 0.000010 0.000010 0.008216 0.000010 0.000010 0.000010 0.000010 0.719860
0.260255 0.000010 0.000010 0.001807 0.000010 0.000010 0.000010 0.000010 0.737877
0.237023 0.000010 0.000010 0.001296 0.000010 0.003933 0.000010 0.000010 0.757698
0.199157 0.000010 0.000010 0.003587 0.000010 0.004345 0.000010 0.000010 0.792862
0.204779 0.000010 0.000010 0.000010 0.000010 0.001677 0.000010 0.000010 0.793485
0.224441 0.004557 0.000010 0.000010 0.000010 0.000010 0.000010 0.000010 0.770942
0.209124 0.001294 0.007253 0.000010 0.000010 0.000010 0.000010 0.000010 0.782279
0.203941 0.000010 0.000010 0.000010 0.000010 0.000010 0.002672 0.000010 0.793327
0.217202 0.000010 0.000010 0.007099 0.000010 0.000010 0.000010 0.000010 0.775639
0.000010 0.423767 0.446676 0.035036 0.025401 0.011052 0.001985 0.056064 0.000010
0.000010 0.370297 0.430030 0.029038 0.051608 0.022130 0.010893 0.085983 0.000010
0.018085 0.312769 0.364315 0.089321 0.096390 0.001222 0.000010 0.113603 0.004286
0.003151 0.332694 0.491349 0.042387 0.049869 0.007858 0.001491 0.071191 0.000010
0.000010 0.350474 0.445006 0.040189 0.076228 0.008843 0.000010 0.079229 0.000010
0.000010 0.306626 0.567961 0.026501 0.044519 0.014620 0.000010 0.039743 0.000010
0.000010 0.368513 0.352319 0.036917 0.120641 0.007743 0.000010 0.113838 0.000010
0.000010 0.383497 0.479691 0.020669 0.069094 0.000010 0.000010 0.047009 0.000010
0.000010 0.313778 0.349514 0.080877 0.088124 0.011837 0.000010 0.155839 0.000010
0.024310 0.000010 0.000010 0.000010 0.000010 0.003957 0.006406 0.000461 0.964827
0.006941 0.000010 0.000010 0.001893 0.000010 0.013034 0.000010 0.000010 0.978081
0.027482 0.000010 0.000010 0.000010 0.000010 0.009427 0.007813 0.015859 0.939380
0.000010 0.000010 0.000010 0.014370 0.000010 0.005632 0.000010 0.000010 0.979938
0.038312 0.000010 0.002174 0.006984 0.000010 0.001712 0.026921 0.003891 0.919985
0.010101 0.000010 0.000010 0.000010 0.000011 0.019303 0.000010 0.014885 0.955660
0.017032 0.000010 0.000010 0.000010 0.000010 0.014836 0.003492 0.000010 0.964589
0.007572 0.000010 0.000010 0.000010 0.000010 0.024367 0.000010 0.008657 0.959354
0.049957 0.000010 0.000010 0.015292 0.000010 0.008507 0.010474 0.000010 0.915730
0.071877 0.000010 0.000010 0.000010 0.000010 0.012753 0.019632 0.000010 0.895688
0.021016 0.000010 0.000010 0.000010 0.000010 0.009811 0.000010 0.005529 0.963594
0.024681 0.000010 0.000010 0.000010 0.000010 0.017680 0.002678 0.000010 0.954911
0.007453 0.000010 0.000010 0.003425 0.000010 0.013844 0.000010 0.000010 0.975228
0.044971 0.000010 0.000010 0.011378 0.000010 0.019367 0.000010 0.000010 0.924234
0.021669 0.000010 0.000010 0.005205 0.000010 0.005270 0.000010 0.000010 0.967805
0.000010 0.341225 0.467547 0.035103 0.085971 0.000010 0.000010 0.070114 0.000010
0.001850 0.345053 0.370691 0.055806 0.111832 0.012378 0.000010 0.086537 0.015843
0.000010 0.284771 0.356031 0.054533 0.220617 0.000010 0.000010 0.077000 0.007019
0.000010 0.253785 0.308822 0.056389 0.207851 0.009340 0.022247 0.141546 0.000010
0.000010 0.271463 0.324578 0.080571 0.201303 0.008753 0.004709 0.105646 0.002967
0.015227 0.379595 0.384646 0.050603 0.068354 0.004565 0.000010 0.096991 0.000010
0.000010 0.333213 0.418790 0.043692 0.109713 0.007240 0.000010 0.063987 0.023344
0.000010 0.314980 0.377126 0.057664 0.124871 0.005862 0.000010 0.114097 0.005380
0.015804 0.321835 0.451902 0.028823 0.091157 0.005141 0.000010 0.085318 0.000010
0.005474 0.378320 0.406844 0.056734 0.063912 0.001381 0.000010 0.087315 0.000010
0.000010 0.276510 0.254530 0.037950 0.310967 0.002284 0.000010 0.104747 0.012993
0.000010 0.319300 0.363563 0.049023 0.176590 0.001512 0.000010 0.070742 0.019250
0.021518 0.355503 0.423291 0.029091 0.060980 0.000010 0.000010 0.109587 0.000010
0.000010 0.346067 0.408867 0.041321 0.093052 0.012220 0.000010 0.098444 0.000010
0.000010 0.366013 0.363163 0.067403 0.064759 0.010039 0.019557 0.109046 0.000010
0.000010 0.355790 0.424932 0.048512 0.054472 0.000010 0.001750 0.114514 0.000010
0.000010 0.391250 0.371456 0.037506 0.091484 0.009853 0.000010 0.098421 0.000010
0.002987 0.351829 0.406549 0.044532 0.068991 0.009454 0.000010 0.107379 0.008268
0.003201 0.330927 0.497618 0.011747 0.111088 0.004913 0.000010 0.037405 0.003091
0.003345 0.260175 0.309292 0.035655 0.193580 0.021000 0.019136 0.141708 0.016109
0.000010 0.335440 0.345599 0.033295 0.159128 0.011551 0.016574 0.096996 0.001406
0.000010 0.310469 0.371717 0.056693 0.081128 0.008340 0.000010 0.171623 0.000010
0.025730 0.310193 0.312156 0.067100 0.202543 0.003172 0.000010 0.076385 0.002712
0.000010 0.356758 0.370406 0.050587 0.091376 0.000010 0.007667 0.123176 0.000010
0.000291 0.334012 0.396018 0.041207 0.107727 0.000010 0.002851 0.072564 0.045321
0.000010 0.314885 0.334106 0.057049 0.132771 0.007681 0.014460 0.131176 0.007864
0.000010 0.308593 0.399793 0.056496 0.167173 0.000010 0.000010 0.067905 0.000010
0.013757 0.295817 0.370572 0.036613 0.162953 0.004484 0.012830 0.102964 0.000010
0.016744 0.277957 0.335430 0.041273 0.224471 0.004746 0.006527 0.092843 0.000010
0.000361 0.317505 0.405126 0.062389 0.138115 0.002740 0.000010 0.055531 0.018224
0.007771 0.333891 0.420334 0.036342 0.095351 0.003569 0.000010 0.102722 0.000010
0.000010 0.327378 0.386115 0.055985 0.082630 0.019060 0.000010 0.098393 0.030418
0.000010 0.353419 0.392213 0.050187 0.093518 0.003797 0.012219 0.094627 0.000010
0.000010 0.324309 0.345736 0.032721 0.136898 0.007997 0.000010 0.137941 0.014378
0.000010 0.295401 0.397641 0.055390 0.174418 0.000010 0.000010 0.075004 0.002117
0.000010 0.350814 0.423474 0.055200 0.082295 0.000010 0.007229 0.076188 0.004779
0.000010 0.376703 0.456303 0.031623 0.060939 0.003157 0.006254 0.065000 0.000010
0.000010 0.332267 0.315567 0.044348 0.212969 0.000010 0.000010 0.083991 0.010828
0.000010 0.096441 0.204299 0.020774 0.621388 0.004842 0.011589 0.040647 0.000010
0.015094 0.340923 0.353545 0.063916 0.131694 0.002021 0.000010 0.088848 0.003949
0.002192 0.329897 0.402444 0.050804 0.107735 0.000010 0.000010 0.095978 0.010929
0.000010 0.328178 0.544834 0.008380 0.032811 0.008867 0.006807 0.070104 0.000010
0.002471 0.310251 0.367354 0.092387 0.001020 0.004288 0.000010 0.214404 0.007815
0.009548 0.370818 0.479414 0.011168 0.008398 0.000010 0.015605 0.105029 0.000010
0.015799 0.339184 0.330189 0.082918 0.042612 0.010348 0.000010 0.171560 0.007380
0.000016 0.325154 0.368781 0.051162 0.059635 0.010725 0.000013 0.184505 0.000010
0.003889 0.246443 0.334058 0.041252 0.136439 0.004727 0.000010 0.233171 0.000010
0.000010 0.297562 0.317222 0.087390 0.091560 0.017165 0.010751 0.177364 0.000975
0.000010 0.291145 0.355496 0.064968 0.063826 0.010427 0.020914 0.193204 0.000010
0.001504 0.295046 0.373876 0.059669 0.068276 0.000010 0.002834 0.198774 0.000010
0.019824 0.339630 0.477150 0.057755 0.010622 0.001319 0.000010 0.093680 0.000010
0.000010 0.293746 0.325680 0.057629 0.124530 0.022884 0.000010 0.175501 0.000010
0.000010 0.298886 0.284936 0.083352 0.103833 0.002292 0.000010 0.205158 0.021523
0.000010 0.290388 0.332208 0.104102 0.019791 0.006245 0.020996 0.219238 0.007023
0.000010 0.237140 0.303652 0.074578 0.177479 0.000010 0.000010 0.204217 0.002905
0.000010 0.299263 0.367530 0.060124 0.041815 0.006796 0.023766 0.200686 0.000010
0.000010 0.205850 0.223939 0.093526 0.198986 0.000010 0.018677 0.258216 0.000787
0.000010 0.279180 0.386670 0.053755 0.072050 0.009576 0.000010 0.198740 0.000010
0.000010 0.207325 0.227708 0.155596 0.094020 0.000702 0.000010 0.283964 0.030665
0.000010 0.288571 0.339860 0.037196 0.185067 0.014892 0.000010 0.119629 0.014765
0.000010 0.353517 0.341067 0.043509 0.093796 0.012139 0.030747 0.119175 0.006040
0.000010 0.374642 0.396290 0.043924 0.083871 0.000010 0.008382 0.092860 0.000010
0.000010 0.267075 0.344861 0.046700 0.223636 0.000014 0.000010 0.103425 0.014269
0.008373 0.470551 0.401784 0.026141 0.014178 0.000010 0.036632 0.042322 0.000010
0.000010 0.364907 0.345903 0.029786 0.118116 0.000010 0.000010 0.132275 0.008984
0.005649 0.304626 0.343983 0.040586 0.191154 0.000010 0.000010 0.090875 0.023105
0.000010 0.397795 0.465667 0.000010 0.068491 0.007070 0.000010 0.060936 0.000010
0.000010 0.319397 0.481016 0.019796 0.068954 0.020934 0.006021 0.083682 0.000191
0.000010 0.314679 0.409464 0.063616 0.094582 0.021108 0.000010 0.096521 0.000010
0.019015 0.332827 0.378393 0.046049 0.064307 0.001990 0.023364 0.130827 0.003229
0.000010 0.329360 0.369142 0.059426 0.134997 0.009478 0.002622 0.094955 0.000010
0.000010 0.281967 0.401823 0.064247 0.123645 0.000010 0.000010 0.118457 0.009831
0.040356 0.247600 0.299985 0.064530 0.174332 0.006595 0.000010 0.166581 0.000010
0.012800 0.278516 0.275985 0.064372 0.189754 0.000010 0.006546 0.149937 0.022079
0.000010 0.274394 0.325335 0.077920 0.147267 0.021670 0.000010 0.143911 0.009482
0.000010 0.337422 0.341963 0.060339 0.076473 0.000010 0.034307 0.149465 0.000010
0.000010 0.369157 0.423522 0.049167 0.051244 0.007092 0.000010 0.099788 0.000010
0.002831 0.294960 0.356599 0.026218 0.168677 0.017593 0.000010 0.132129 0.000983
0.000010 0.364095 0.465336 0.024815 0.030193 0.009691 0.026107 0.079743 0.000010
0.000010 0.329015 0.408715 0.013624 0.086013 0.008642 0.014499 0.117212 0.022270
0.000010 0.307947 0.454124 0.051427 0.124039 0.009449 0.000010 0.052983 0.000010
0.000010 0.079549 0.137942 0.010726 0.698310 0.000010 0.000010 0.073433 0.000010
0.000010 0.160587 0.256744 0.037793 0.518255 0.010960 0.009691 0.005397 0.000564
0.007269 0.281538 0.313300 0.050076 0.196239 0.006704 0.000010 0.122258 0.022606
0.000010 0.358040 0.360601 0.062808 0.093672 0.006502 0.041289 0.064289 0.012790
0.004705 0.292260 0.283995 0.067127 0.078362 0.002087 0.018666 0.252788 0.000010
0.019611 0.303431 0.421599 0.079151 0.007778 0.004913 0.000010 0.163499 0.000010
0.018650 0.338764 0.381862 0.039213 0.035181 0.006608 0.000010 0.179701 0.000010
0.000010 0.256378 0.268524 0.088190 0.156839 0.001771 0.000010 0.215106 0.013172
0.000010 0.354289 0.467771 0.051465 0.002350 0.000010 0.001022 0.114501 0.008581
0.000016 0.299042 0.385270 0.074709 0.009964 0.015046 0.000010 0.215933 0.000010
0.011011 0.336881 0.499886 0.034838 0.036955 0.000010 0.000010 0.076346 0.004064
0.010154 0.244892 0.330163 0.087160 0.119294 0.007415 0.000010 0.200902 0.000010
0.010399 0.305507 0.360444 0.061319 0.047894 0.014048 0.000010 0.200369 0.000010
0.000010 0.289010 0.328005 0.077376 0.095056 0.000010 0.000010 0.183628 0.026894
0.000010 0.211083 0.306162 0.092427 0.181766 0.005358 0.000010 0.176687 0.026496
0.016687 0.353297 0.583647 0.018002 0.002704 0.003028 0.002336 0.020289 0.000010
0.000010 0.292280 0.335770 0.117231 0.014637 0.013122 0.000010 0.225496 0.001444
0.003642 0.300786 0.382239 0.093381 0.019708 0.000010 0.000010 0.183337 0.016888
0.000010 0.285739 0.409212 0.070917 0.027791 0.009548 0.000010 0.186829 0.009946
0.015529 0.329828 0.335112 0.064844 0.061607 0.017665 0.001462 0.165403 0.008549
0.000126 0.294780 0.331097 0.042732 0.220086 0.000010 0.000010 0.111148 0.000010
0.000010 0.352164 0.331416 0.056449 0.111062 0.006613 0.017868 0.124407 0.000010
0.003853 0.287622 0.375707 0.060599 0.134318 0.000010 0.010029 0.110827 0.017035
0.022130 0.293136 0.348956 0.056670 0.155689 0.004913 0.000010 0.118486 0.000010
0.000010 0.253047 0.336224 0.063974 0.215644 0.010006 0.022883 0.098201 0.000010
0.002042 0.365166 0.422159 0.020912 0.100433 0.002311 0.000589 0.062036 0.024352
0.000171 0.329266 0.409857 0.043899 0.124354 0.005586 0.001804 0.085052 0.000010
0.000010 0.358411 0.347142 0.059294 0.090329 0.000010 0.000010 0.122973 0.021821
0.000010 0.336509 0.421867 0.020756 0.129747 0.004119 0.004302 0.076919 0.005771
0.001282 0.324648 0.392540 0.046879 0.092955 0.008816 0.000010 0.132861 0.000010
0.000010 0.264722 0.710611 0.020298 0.000010 0.000662 0.003668 0.000010 0.000010
0.012648 0.207949 0.197541 0.174706 0.000010 0.000010 0.000010 0.399948 0.007178
0.000010 0.187184 0.241602 0.059633 0.355127 0.004286 0.000010 0.149015 0.003134
0.000010 0.216859 0.344778 0.080230 0.032854 0.004626 0.000010 0.320624 0.000010
0.004502 0.316456 0.370987 0.036210 0.064404 0.000010 0.031585 0.175836 0.000010
0.000010 0.260546 0.292848 0.101903 0.033416 0.000010 0.000010 0.290265 0.020991
0.000010 0.258117 0.270002 0.087844 0.049176 0.014101 0.017426 0.303314 0.000010
0.000010 0.271249 0.439055 0.078111 0.011539 0.009222 0.000010 0.190794 0.000010
0.001190 0.337451 0.426710 0.060167 0.016885 0.000010 0.003107 0.154469 0.000010
0.000010 0.370121 0.418286 0.034245 0.014028 0.014982 0.000010 0.134897 0.013420
0.000010 0.274565 0.322064 0.057028 0.058066 0.013958 0.010901 0.254903 0.008504
0.002715 0.305464 0.402287 0.059053 0.010827 0.000010 0.000010 0.219624 0.000010
0.000010 0.284708 0.378570 0.078825 0.065300 0.000805 0.020718 0.170038 0.001026
0.006816 0.324231 0.360035 0.053592 0.054108 0.014446 0.000155 0.186546 0.000071
0.018664 0.299675 0.327038 0.060499 0.110039 0.004489 0.000010 0.179575 0.000010
0.000010 0.191506 0.308767 0.055672 0.199257 0.010871 0.000010 0.230420 0.003487
0.000010 0.227934 0.362863 0.086937 0.112035 0.012089 0.014834 0.173970 0.009329
0.020139 0.235102 0.387057 0.045586 0.128591 0.000010 0.000010 0.183495 0.000010
0.000010 0.163406 0.157004 0.128564 0.149332 0.000010 0.001196 0.391701 0.008777
0.000010 0.281431 0.360065 0.103767 0.031066 0.004763 0.000010 0.218877 0.000010
0.000010 0.289034 0.408827 0.056588 0.029250 0.000287 0.000010 0.213245 0.002750
0.000010 0.259057 0.294942 0.048448 0.147555 0.000010 0.000010 0.249051 0.000916
0.002439 0.260531 0.332066 0.088678 0.080106 0.008331 0.000010 0.211737 0.016102
0.000010 0.243734 0.316554 0.084374 0.048375 0.009663 0.004006 0.293274 0.000010
0.000010 0.284517 0.416157 0.069538 0.026943 0.000010 0.012892 0.189705 0.000228
0.000010 0.318704 0.358222 0.087496 0.054088 0.003144 0.002432 0.166198 0.009706
0.000010 0.319581 0.439489 0.040478 0.064913 0.014660 0.013593 0.107265 0.000010
0.000088 0.203759 0.230784 0.065260 0.261261 0.005599 0.000010 0.233228 0.000010
0.015036 0.251737 0.363194 0.040431 0.172172 0.009602 0.005190 0.137110 0.005527
0.000010 0.267638 0.340012 0.050530 0.208770 0.007588 0.006440 0.101046 0.017966
0.000010 0.371409 0.409962 0.014299 0.080601 0.000010 0.000010 0.117386 0.006312
0.000010 0.277962 0.336203 0.068089 0.166102 0.007043 0.000010 0.144570 0.000010
0.000010 0.306211 0.358852 0.062649 0.143611 0.008603 0.009100 0.110954 0.000010
0.005159 0.272298 0.354882 0.056633 0.165241 0.017502 0.000010 0.128265 0.000010
