0.000010 0.000010 0.000010 0.000010 0.000010 0.000010 0.000010 0.065562 0.000010 0.021684 0.000010 0.042277 0.000010 0.832754 0.000010 0.000010 0.037593 0.000010
0.000010 0.000010 0.000010 0.000010 0.001507 0.006132 0.000010 0.095926 0.000010 0.000010 0.000010 0.045498 0.000010 0.804779 0.000010 0.000010 0.046038 0.000010
0.372811 0.238342 0.000010 0.023994 0.000010 0.000010 0.106472 0.009678 0.000010 0.000010 0.014207 0.000010 0.000010 0.000010 0.000010 0.006670 0.000010 0.227725
0.355193 0.259103 0.000010 0.046059 0.000010 0.000010 0.101031 0.009529 0.000010 0.000010 0.001905 0.000010 0.000010 0.012957 0.000010 0.000010 0.000010 0.214123
0.000010 0.000010 0.000010 0.000010 0.000010 0.000010 0.000010 0.000010 0.000010 0.000010 0.032329 0.914896 0.000010 0.000010 0.000010 0.000010 0.052625 0.000010
0.000010 0.005498 0.000010 0.000010 0.000010 0.008973 0.000010 0.000010 0.015621 0.000010 0.000010 0.000010 0.134144 0.009194 0.826451 0.000010 0.000010 0.000010
0.468002 0.000010 0.000010 0.032643 0.000010 0.005815 0.377470 0.010661 0.007800 0.000010 0.007129 0.000010 0.000010 0.003167 0.000010 0.000010 0.000010 0.087223
0.000010 0.000010 0.000010 0.000010 0.810859 0.000010 0.000010 0.000010 0.000010 0.000010 0.014535 0.174455 0.000010 0.000010 0.000010 0.000010 0.000010 0.000010
0.000010 0.000010 0.000010 0.000010 0.000016 0.000010 0.000010 0.000010 0.999824 0.000010 0.000010 0.000010 0.000010 0.000010 0.000010 0.000010 0.000010 0.000010
0.004019 0.004404 0.079558 0.000010 0.000010 0.000010 0.000010 0.000010 0.029839 0.000010 0.000010 0.000010 0.867368 0.000010 0.014691 0.000010 0.000010 0.000010
0.000010 0.000010 0.000010 0.000010 0.000010 0.000010 0.000010 0.000010 0.934772 0.000010 0.000010 0.000010 0.000010 0.000010 0.065068 0.000010 0.000010 0.000010
0.000010 0.000010 0.000010 0.000010 0.000010 0.068400 0.000014 0.000010 0.000010 0.235669 0.000010 0.000010 0.000010 0.000010 0.000014 0.695772 0.000010 0.000010
0.000010 0.000010 0.000010 0.000010 0.000010 0.000010 0.000010 0.000010 0.000010 0.000010 0.000010 0.000010 0.000010 0.999830 0.000010 0.000010 0.000010 0.000010
0.726186 0.220720 0.000010 0.000010 0.000010 0.001956 0.037890 0.000010 0.000010 0.000010 0.000010 0.000010 0.000010 0.013119 0.000010 0.000010 0.000010 0.000010
0.000010 0.000010 0.871796 0.000010 0.000010 0.000010 0.000010 0.000010 0.002446 0.000010 0.000013 0.000010 0.101274 0.000010 0.024340 0.000010 0.000010 0.000010
0.437561 0.000010 0.000010 0.000010 0.005040 0.000010 0.415693 0.000010 0.001828 0.012348 0.000010 0.000010 0.000010 0.005851 0.005772 0.000010 0.000010 0.115808
0.480742 0.000010 0.000010 0.000010 0.000010 0.000010 0.388003 0.023927 0.000010 0.017983 0.000010 0.000010 0.000010 0.012562 0.000010 0.000010 0.000010 0.076662
0.408849 0.000010 0.000010 0.004193 0.000010 0.017713 0.455228 0.010969 0.000010 0.000010 0.012085 0.000010 0.000010 0.000010 0.000010 0.000223 0.000010 0.090640
0.514044 0.000010 0.000010 0.021121 0.000010 0.003805 0.383418 0.000010 0.000010 0.013499 0.000010 0.000010 0.000010 0.003915 0.003839 0.000010 0.000010 0.056261
0.475203 0.000010 0.000010 0.021963 0.000010 0.000010 0.386743 0.000010 0.002213 0.000010 0.000010 0.000010 0.000010 0.008842 0.004373 0.016294 0.000010 0.084269
0.414716 0.000010 0.000010 0.039911 0.000010 0.000010 0.448016 0.033073 0.000010 0.005168 0.000010 0.000010 0.000010 0.000010 0.000010 0.004287 0.000010 0.054720
0.427103 0.000010 0.000010 0.029926 0.000010 0.000010 0.428641 0.000010 0.000010 0.007548 0.000010 0.000588 0.000010 0.010008 0.000017 0.000010 0.000010 0.096069
0.442080 0.000010 0.000010 0.018788 0.000010 0.000010 0.405731 0.000010 0.003368 0.014523 0.000010 0.000010 0.004893 0.000010 0.000010 0.000010 0.000010 0.110507
0.477425 0.000010 0.006912 0.029176 0.000010 0.002163 0.399603 0.013935 0.000010 0.000010 0.000010 0.000010 0.000010 0.000010 0.000010 0.014369 0.000010 0.056317
0.445022 0.000010 0.000010 0.038675 0.000010 0.012383 0.418470 0.000010 0.000010 0.000567 0.000010 0.000010 0.000010 0.000010 0.000010 0.000010 0.000010 0.084762
0.435133 0.000010 0.000010 0.027513 0.000010 0.000010 0.461018 0.000010 0.002018 0.000988 0.000010 0.000117 0.000010 0.000010 0.001944 0.002210 0.000010 0.068969
0.385827 0.021280 0.000687 0.036056 0.000010 0.016413 0.461656 0.000010 0.000010 0.000010 0.000463 0.000010 0.000010 0.000010 0.000010 0.000010 0.000010 0.077519
0.505594 0.000010 0.003935 0.019912 0.000010 0.009177 0.417695 0.000010 0.001266 0.000010 0.000010 0.000010 0.000010 0.000010 0.000010 0.000010 0.005628 0.036694
0.405938 0.010657 0.000010 0.001432 0.000010 0.000010 0.480825 0.012184 0.000010 0.000010 0.002161 0.000010 0.000010 0.000010 0.000010 0.000010 0.000010 0.086693
0.439521 0.000010 0.000010 0.053620 0.000010 0.007181 0.434381 0.003363 0.004772 0.000944 0.000010 0.000010 0.000010 0.000010 0.000010 0.001452 0.000010 0.054676
0.454437 0.000010 0.000010 0.013217 0.000010 0.000010 0.388839 0.000010 0.000010 0.001097 0.000010 0.000010 0.000010 0.000010 0.000010 0.011591 0.001681 0.129028
0.476526 0.000010 0.000010 0.011166 0.000010 0.000010 0.379610 0.000010 0.000010 0.012045 0.000010 0.001475 0.000010 0.000010 0.000010 0.000010 0.000010 0.119058
0.431133 0.000010 0.000010 0.000010 0.000010 0.007208 0.441164 0.000010 0.000010 0.000010 0.007005 0.000010 0.000010 0.000010 0.000010 0.000010 0.000010 0.113361
0.465693 0.000010 0.000010 0.037515 0.000010 0.000010 0.378405 0.000010 0.000010 0.014962 0.000010 0.000010 0.000010 0.006401 0.000010 0.000010 0.000010 0.096903
0.461745 0.000010 0.000010 0.000010 0.000010 0.007002 0.410506 0.000010 0.000010 0.019370 0.000010 0.000018 0.000010 0.000010 0.000010 0.000010 0.000010 0.101239
0.418984 0.000010 0.000010 0.025203 0.000010 0.000010 0.475679 0.002628 0.010168 0.000010 0.000010 0.000010 0.000010 0.006853 0.000010 0.000010 0.000010 0.060373
0.473300 0.000010 0.000010 0.002851 0.000010 0.022991 0.408066 0.020883 0.000010 0.000010 0.000010 0.000010 0.000010 0.000010 0.000299 0.000010 0.007491 0.064017
0.457500 0.000010 0.000010 0.000010 0.000010 0.000010 0.436015 0.000010 0.002064 0.015996 0.000010 0.000010 0.000010 0.000010 0.000010 0.000010 0.000010 0.088295
0.471574 0.000010 0.000010 0.020910 0.007722 0.000010 0.461489 0.000010 0.002529 0.003523 0.000010 0.000010 0.000010 0.000010 0.000010 0.000010 0.000010 0.032143
0.426763 0.000010 0.000010 0.011706 0.000010 0.000010 0.472433 0.000010 0.000010 0.000010 0.000010 0.000010 0.002060 0.000010 0.000010 0.002610 0.000010 0.084308
0.493704 0.000010 0.000010 0.012260 0.000010 0.010785 0.422249 0.000010 0.000010 0.000010 0.000010 0.000010 0.000010 0.000010 0.000010 0.007666 0.000010 0.053214
0.461992 0.000010 0.000010 0.005591 0.000010 0.000010 0.406512 0.000010 0.010787 0.023164 0.000010 0.000010 0.000010 0.000010 0.002250 0.000010 0.000010 0.089593
0.376826 0.000010 0.008480 0.050152 0.000010 0.001413 0.473728 0.000010 0.000010 0.013610 0.000010 0.000010 0.000012 0.007473 0.002756 0.000010 0.000010 0.065470
0.497875 0.000010 0.000010 0.046405 0.000010 0.000416 0.391174 0.010945 0.000010 0.010300 0.000010 0.000010 0.002909 0.007734 0.000010 0.000010 0.000010 0.032151
0.506088 0.009470 0.000010 0.053531 0.000010 0.000010 0.366146 0.004368 0.007075 0.000010 0.006506 0.000015 0.000010 0.004195 0.000010 0.000171 0.000010 0.042365
0.433280 0.021567 0.003201 0.030884 0.000010 0.000010 0.425467 0.006918 0.000010 0.000010 0.000010 0.000020 0.000010 0.003711 0.000010 0.000010 0.000010 0.074863
0.383899 0.036332 0.000010 0.042611 0.000010 0.000010 0.490820 0.000010 0.000010 0.000010 0.000010 0.000010 0.000010 0.000010 0.000010 0.003997 0.000010 0.042221
0.477646 0.006334 0.000010 0.039233 0.000010 0.002240 0.393619 0.000010 0.000010 0.000010 0.008557 0.000010 0.004035 0.000010 0.000010 0.000010 0.000010 0.068237
0.445017 0.000010 0.000010 0.023481 0.000010 0.013230 0.390381 0.012296 0.004048 0.000010 0.000010 0.000010 0.000010 0.001026 0.000010 0.000010 0.000010 0.110421
0.487988 0.022052 0.000010 0.008546 0.000010 0.000010 0.393897 0.013035 0.001015 0.002483 0.000010 0.000010 0.000010 0.000010 0.000010 0.000010 0.000010 0.070884
0.483494 0.008027 0.000010 0.036161 0.000010 0.000010 0.397755 0.000010 0.008788 0.000010 0.000010 0.000010 0.000010 0.008614 0.001933 0.000010 0.000010 0.055127
0.402227 0.000010 0.000010 0.055176 0.000010 0.000700 0.443045 0.000010 0.000685 0.000010 0.000010 0.000010 0.000010 0.000389 0.010201 0.017968 0.000010 0.069520
0.453414 0.003397 0.000010 0.009739 0.000010 0.000010 0.443189 0.000010 0.010154 0.007775 0.000010 0.000010 0.000010 0.000010 0.000010 0.000010 0.000010 0.072221
0.419194 0.016703 0.000010 0.027792 0.000010 0.000010 0.456191 0.002721 0.000010 0.010185 0.000010 0.000010 0.000010 0.000386 0.000010 0.000010 0.002146 0.064592
0.519381 0.002497 0.000010 0.019714 0.000010 0.000010 0.379739 0.005595 0.000010 0.004170 0.002836 0.000010 0.000010 0.000010 0.001831 0.000010 0.000010 0.064147
0.452992 0.000010 0.000010 0.000010 0.000586 0.006461 0.444347 0.000010 0.000010 0.011625 0.000010 0.000010 0.000010 0.008338 0.000010 0.000010 0.002489 0.073062
0.437142 0.046251 0.000010 0.065266 0.000010 0.001858 0.427299 0.000010 0.000158 0.002866 0.000010 0.000010 0.010999 0.000010 0.000010 0.000010 0.000010 0.008070
0.507447 0.000010 0.000010 0.006829 0.000010 0.000010 0.418632 0.004294 0.000010 0.007494 0.000010 0.000010 0.000010 0.009729 0.000010 0.006382 0.000010 0.039093
0.427993 0.000010 0.000010 0.028570 0.000010 0.000010 0.444973 0.000010 0.000010 0.000010 0.000010 0.000010 0.000010 0.001882 0.000010 0.000010 0.000010 0.096451
0.461820 0.006670 0.000010 0.038188 0.000010 0.000010 0.429629 0.000010 0.013509 0.000010 0.000010 0.000010 0.002334 0.004170 0.000010 0.005286 0.000010 0.038305
0.506715 0.011436 0.000010 0.000010 0.000010 0.000010 0.389198 0.016173 0.000010 0.000010 0.000010 0.000010 0.000010 0.001398 0.000010 0.008944 0.000010 0.066025
0.408072 0.000010 0.000010 0.016594 0.000010 0.008934 0.428944 0.000010 0.000010 0.000010 0.000010 0.000010 0.000010 0.003570 0.017115 0.003166 0.000010 0.113505
0.429915 0.028374 0.000010 0.000010 0.000010 0.004258 0.429398 0.000010 0.000010 0.000010 0.000010 0.000010 0.000010 0.013409 0.000010 0.000010 0.000010 0.094527
0.450166 0.002037 0.000010 0.013856 0.000010 0.000010 0.442697 0.000010 0.005611 0.000010 0.000010 0.000017 0.000010 0.000010 0.000010 0.001745 0.003160 0.080621
0.432335 0.028358 0.000010 0.031575 0.000010 0.000010 0.482022 0.000010 0.000010 0.000010 0.000010 0.015379 0.000010 0.002436 0.000010 0.000010 0.000673 0.007121
0.420970 0.024422 0.000010 0.011116 0.000010 0.009408 0.408831 0.030189 0.002923 0.008319 0.000010 0.006106 0.000010 0.005310 0.000010 0.000010 0.000010 0.072336
0.414603 0.000010 0.000010 0.004849 0.000010 0.003541 0.465579 0.000010 0.000010 0.000010 0.000010 0.000010 0.000010 0.016762 0.004592 0.000010 0.000010 0.089964
0.420967 0.020818 0.000010 0.020803 0.000010 0.000010 0.432462 0.005701 0.000010 0.000010 0.000010 0.003278 0.000010 0.000302 0.000010 0.003322 0.000010 0.092257
0.416093 0.055931 0.000010 0.006515 0.000010 0.012030 0.458556 0.000010 0.000010 0.000010 0.000010 0.000010 0.000010 0.000010 0.000010 0.000010 0.000010 0.050754
0.475727 0.010589 0.000010 0.016264 0.000010 0.007654 0.411718 0.000010 0.000010 0.000010 0.000010 0.000010 0.000010 0.010824 0.000010 0.011062 0.000010 0.056062
0.480284 0.000010 0.000010 0.000010 0.013574 0.020101 0.396663 0.005104 0.000010 0.000010 0.000010 0.003797 0.000010 0.000010 0.000010 0.000010 0.000010 0.080367
0.419715 0.000010 0.000010 0.037906 0.000010 0.000010 0.444663 0.000010 0.000010 0.003101 0.000010 0.000010 0.000010 0.012523 0.000010 0.009285 0.000010 0.072697
0.461376 0.000010 0.000010 0.034926 0.000010 0.000010 0.391045 0.000010 0.000010 0.019608 0.014170 0.000010 0.000010 0.007467 0.000010 0.000010 0.003834 0.067474
0.458440 0.000010 0.000010 0.022090 0.000010 0.000010 0.400247 0.000010 0.000010 0.000010 0.000010 0.003500 0.000010 0.010451 0.000010 0.000010 0.000010 0.105152
0.416425 0.018141 0.000010 0.029250 0.000010 0.000010 0.436426 0.000010 0.000010 0.017383 0.000010 0.000010 0.000010 0.005233 0.000010 0.000010 0.000010 0.077032
0.054859 0.000014 0.000010 0.032356 0.011147 0.000010 0.853597 0.000010 0.000010 0.000010 0.047907 0.000010 0.000010 0.000010 0.000010 0.000010 0.000010 0.000010
0.058437 0.042319 0.000010 0.000010 0.000010 0.000010 0.839648 0.000010 0.000010 0.012975 0.015476 0.003681 0.000010 0.000010 0.000010 0.000010 0.027355 0.000010
0.146024 0.022007 0.000010 0.029361 0.000010 0.000983 0.748457 0.000010 0.000010 0.000010 0.004572 0.000010 0.000010 0.005532 0.000010 0.018584 0.016579 0.007823
0.057950 0.029897 0.000010 0.000010 0.014017 0.000010 0.842153 0.000010 0.013865 0.000010 0.041997 0.000010 0.000010 0.000010 0.000010 0.000010 0.000010 0.000010
0.023627 0.050640 0.000010 0.014055 0.000010 0.010776 0.840685 0.000010 0.000010 0.002737 0.040523 0.000010 0.007468 0.000010 0.000010 0.000010 0.009398 0.000010
0.063996 0.033146 0.002974 0.000010 0.000010 0.000531 0.829369 0.012837 0.000010 0.011605 0.005950 0.000010 0.000010 0.007523 0.000010 0.000010 0.028131 0.003868
0.059943 0.039308 0.000010 0.000010 0.000010 0.000010 0.825658 0.000010 0.000010 0.000010 0.041251 0.000010 0.001410 0.000010 0.000010 0.007804 0.005447 0.019080
0.044219 0.054303 0.000010 0.002133 0.000010 0.000010 0.829178 0.000010 0.000010 0.008208 0.061838 0.000010 0.000010 0.000010 0.000010 0.000010 0.000010 0.000010
0.113703 0.115102 0.006595 0.000010 0.000010 0.000010 0.633217 0.000010 0.002257 0.000010 0.024771 0.000010 0.000010 0.000010 0.000010 0.000010 0.021128 0.083128
0.033806 0.012499 0.000010 0.032850 0.001252 0.000010 0.836744 0.000010 0.003791 0.000010 0.047585 0.000010 0.000010 0.000010 0.000010 0.025077 0.000010 0.006306
0.028449 0.009305 0.000010 0.000010 0.000010 0.000380 0.830138 0.000010 0.003220 0.024256 0.040621 0.007722 0.000010 0.003906 0.000010 0.000010 0.000010 0.051923
0.029881 0.000013 0.000010 0.011915 0.010274 0.000010 0.858647 0.002914 0.011108 0.000447 0.047398 0.000010 0.000010 0.000393 0.006926 0.000010 0.000010 0.020024
0.024026 0.057728 0.000010 0.006069 0.000010 0.000010 0.829848 0.000010 0.000010 0.000010 0.046945 0.000010 0.000010 0.010424 0.007708 0.017151 0.000010 0.000010
0.021154 0.063949 0.000010 0.007837 0.000010 0.014697 0.832496 0.000010 0.000010 0.000010 0.059747 0.000010 0.000010 0.000010 0.000010 0.000010 0.000010 0.000010
0.094779 0.019975 0.005336 0.002901 0.000010 0.000010 0.831364 0.005273 0.000010 0.004915 0.026489 0.000010 0.000010 0.002707 0.000010 0.000010 0.006180 0.000010
0.104625 0.039310 0.000010 0.000011 0.040538 0.002470 0.767583 0.000010 0.000010 0.000010 0.024180 0.000010 0.000010 0.008861 0.000010 0.012332 0.000010 0.000010
0.164094 0.010012 0.008435 0.027048 0.000010 0.000010 0.701720 0.000010 0.000871 0.008973 0.040848 0.000010 0.000010 0.000010 0.000010 0.000010 0.000010 0.037909
0.456449 0.000010 0.000010 0.040731 0.000010 0.001919 0.382448 0.000010 0.000010 0.028223 0.000010 0.000010 0.000010 0.000010 0.000010 0.000010 0.000010 0.090111
0.444476 0.000010 0.001776 0.029010 0.000010 0.000010 0.391533 0.002555 0.000010 0.000010 0.000010 0.000010 0.000010 0.010027 0.000010 0.007955 0.000010 0.112567
0.489332 0.002499 0.000010 0.034364 0.000010 0.004817 0.392258 0.000010 0.012015 0.000010 0.000010 0.000010 0.000010 0.000010 0.000010 0.000010 0.000010 0.064606
0.463271 0.000010 0.000010 0.026108 0.000010 0.005802 0.388261 0.011259 0.000010 0.000060 0.000010 0.000010 0.000010 0.009948 0.000010 0.000010 0.000010 0.095192
0.428074 0.022667 0.000010 0.017549 0.000010 0.000010 0.404213 0.007519 0.000155 0.015546 0.000010 0.000010 0.000010 0.000010 0.001507 0.000010 0.000828 0.101863
0.454433 0.018501 0.000010 0.024037 0.000010 0.000010 0.421025 0.000010 0.010687 0.006622 0.000010 0.000010 0.000010 0.000010 0.005802 0.000010 0.000010 0.058793
0.458270 0.002167 0.000010 0.021414 0.000010 0.000010 0.396120 0.000010 0.000010 0.025008 0.000010 0.000010 0.000010 0.002211 0.000010 0.000010 0.000010 0.094699
0.430584 0.042333 0.000010 0.025959 0.000010 0.008032 0.399342 0.015911 0.000010 0.000010 0.000010 0.000010 0.000010 0.001487 0.000010 0.003560 0.000010 0.072703
0.440359 0.005717 0.000010 0.004649 0.000010 0.000010 0.450164 0.000010 0.000301 0.011455 0.000010 0.000010 0.004933 0.003748 0.015301 0.000010 0.000010 0.063292
0.436540 0.003841 0.000010 0.029163 0.000010 0.000010 0.454242 0.000010 0.000010 0.000010 0.000010 0.000010 0.000010 0.000010 0.000010 0.007099 0.000010 0.068995
0.402252 0.019185 0.000010 0.005589 0.000010 0.000010 0.425320 0.004117 0.000010 0.009584 0.000010 0.000010 0.000010 0.006630 0.002749 0.008670 0.000010 0.115825
0.446372 0.008776 0.000010 0.055337 0.000010 0.019036 0.408753 0.000010 0.003642 0.000010 0.000010 0.000814 0.000010 0.000010 0.000010 0.000010 0.000010 0.057169
0.450914 0.034526 0.000010 0.029135 0.000010 0.011620 0.370432 0.000010 0.000010 0.001762 0.000010 0.000010 0.000010 0.009168 0.000010 0.000010 0.000010 0.092343
0.425617 0.031959 0.000010 0.000010 0.000010 0.000325 0.437120 0.002986 0.002690 0.000010 0.000010 0.000010 0.000010 0.000010 0.000010 0.006093 0.000010 0.093109
0.439975 0.000010 0.000010 0.020033 0.000010 0.000010 0.430278 0.000010 0.000010 0.000010 0.005612 0.000010 0.000010 0.017931 0.000010 0.000010 0.000010 0.086051
0.481189 0.000010 0.001935 0.004915 0.000010 0.001734 0.415147 0.000010 0.000010 0.020228 0.000010 0.002075 0.000010 0.003296 0.000010 0.000010 0.006182 0.063220
0.476985 0.037004 0.000010 0.037296 0.000010 0.000010 0.347045 0.000010 0.000010 0.000010 0.000010 0.000010 0.000010 0.000010 0.000010 0.010591 0.001124 0.089845
0.469701 0.000010 0.000010 0.015400 0.000010 0.014412 0.367492 0.000010 0.000010 0.000010 0.005599 0.000010 0.000010 0.002359 0.000010 0.004807 0.000010 0.120130
0.462368 0.022430 0.000010 0.041097 0.000010 0.005638 0.415329 0.001004 0.000010 0.000010 0.000010 0.000504 0.005920 0.001908 0.000010 0.000010 0.000010 0.043723
0.482192 0.025873 0.000010 0.017002 0.000010 0.001525 0.400699 0.000780 0.000064 0.000010 0.000010 0.000010 0.012098 0.005096 0.000010 0.004750 0.000010 0.049852
0.486338 0.009469 0.000010 0.036381 0.000010 0.000010 0.369711 0.000010 0.000638 0.021099 0.000010 0.000010 0.006783 0.010571 0.000010 0.000012 0.000010 0.058919
0.444086 0.000010 0.000010 0.044018 0.000010 0.000010 0.428690 0.000010 0.007709 0.000010 0.000010 0.000010 0.000010 0.000010 0.000010 0.002820 0.000010 0.072557
0.464882 0.000010 0.000010 0.016200 0.000010 0.000010 0.457444 0.010414 0.001261 0.014609 0.000010 0.000010 0.000608 0.001575 0.000010 0.000010 0.000010 0.032917
0.457554 0.014604 0.000010 0.026668 0.000010 0.008753 0.395912 0.004618 0.000010 0.003901 0.000010 0.000010 0.000134 0.000010 0.000010 0.000010 0.000010 0.087767
0.501983 0.010459 0.000010 0.029914 0.007779 0.001365 0.411310 0.000010 0.000010 0.000010 0.000010 0.000010 0.000010 0.000204 0.000010 0.000010 0.000010 0.036886
0.477074 0.000010 0.000010 0.045665 0.000010 0.000010 0.391746 0.000010 0.000010 0.013712 0.000010 0.000010 0.000010 0.000010 0.000010 0.000010 0.000010 0.071673
0.414853 0.000010 0.000010 0.005130 0.000010 0.000010 0.460119 0.000010 0.000010 0.007336 0.006461 0.000010 0.000010 0.009258 0.000010 0.000010 0.000010 0.096733
0.482655 0.013854 0.000010 0.020491 0.000010 0.005271 0.400510 0.000010 0.000010 0.000010 0.002937 0.000010 0.000010 0.006082 0.000010 0.000010 0.000010 0.068100
0.477935 0.018037 0.000010 0.000010 0.000010 0.007364 0.375375 0.008593 0.000010 0.000010 0.000010 0.000010 0.000010 0.000010 0.000010 0.000010 0.000010 0.112576
0.447306 0.018050 0.000010 0.037530 0.001027 0.000010 0.428430 0.016235 0.000010 0.000010 0.000010 0.000010 0.000010 0.012771 0.000010 0.000010 0.000010 0.038550
0.500036 0.000010 0.000010 0.026983 0.000010 0.000705 0.404159 0.000010 0.006684 0.007331 0.000010 0.000010 0.000010 0.003232 0.000010 0.002457 0.000010 0.048323
0.470997 0.000010 0.000010 0.000010 0.004251 0.000010 0.440371 0.004699 0.000010 0.000010 0.000010 0.000010 0.000010 0.000010 0.000020 0.018703 0.000010 0.060850
0.048823 0.038421 0.000010 0.000010 0.022433 0.009576 0.812029 0.000010 0.010457 0.002875 0.019873 0.000010 0.000010 0.004755 0.004649 0.000010 0.000010 0.026039
0.013622 0.038849 0.000010 0.000010 0.000010 0.010102 0.878509 0.000010 0.000010 0.000010 0.049222 0.000010 0.000010 0.009577 0.000010 0.000010 0.000010 0.000010
0.083171 0.017718 0.000010 0.019510 0.011689 0.000010 0.833486 0.000010 0.000010 0.000010 0.008842 0.000010 0.000010 0.000010 0.000010 0.025473 0.000010 0.000010
0.000010 0.011572 0.000010 0.000010 0.000010 0.004326 0.930489 0.002909 0.001087 0.010443 0.000010 0.026622 0.000010 0.011001 0.000010 0.000010 0.001462 0.000010
0.137563 0.022863 0.000010 0.000010 0.000012 0.003528 0.779871 0.000010 0.000010 0.002238 0.025858 0.000010 0.001705 0.014825 0.000010 0.000010 0.002394 0.009073
0.000010 0.013392 0.000010 0.000010 0.000010 0.008771 0.891404 0.005910 0.000010 0.000010 0.073880 0.000010 0.000010 0.000010 0.006521 0.000010 0.000010 0.000010
0.000010 0.048249 0.000010 0.000010 0.000010 0.000177 0.877923 0.000010 0.000010 0.000010 0.051851 0.000010 0.000010 0.004607 0.000010 0.000010 0.000010 0.017073
0.162117 0.029692 0.000010 0.000010 0.039648 0.000010 0.735367 0.000010 0.000013 0.025578 0.004015 0.000010 0.000010 0.003472 0.000010 0.000010 0.000010 0.000010
0.090251 0.056224 0.000010 0.020314 0.038331 0.000010 0.783314 0.000010 0.000010 0.003696 0.000012 0.000010 0.000010 0.000010 0.000010 0.005909 0.001859 0.000010
0.179243 0.000010 0.000010 0.017659 0.000010 0.000010 0.710524 0.000010 0.000011 0.000010 0.011387 0.019300 0.000010 0.004247 0.000010 0.000010 0.003490 0.054050
0.013135 0.032679 0.000010 0.001834 0.012739 0.009235 0.865828 0.000010 0.010629 0.024034 0.013828 0.000010 0.002508 0.012102 0.000010 0.000010 0.000010 0.001390
0.189239 0.000010 0.000010 0.015740 0.000010 0.011955 0.690331 0.000010 0.009164 0.009531 0.020007 0.000010 0.000010 0.003780 0.000010 0.003593 0.001599 0.044991
0.017735 0.057814 0.000010 0.026176 0.000010 0.009501 0.844930 0.000010 0.000010 0.003363 0.040371 0.000010 0.000010 0.000010 0.000010 0.000010 0.000010 0.000010
0.092552 0.000010 0.000010 0.000010 0.000010 0.000010 0.806708 0.000010 0.000010 0.004912 0.063787 0.000010 0.000010 0.010328 0.000010 0.000010 0.000010 0.021593
0.057409 0.014565 0.000010 0.034644 0.021090 0.000010 0.835701 0.000010 0.000010 0.013596 0.012706 0.000010 0.000010 0.004889 0.000010 0.005309 0.000010 0.000010
0.039410 0.043287 0.000010 0.016016 0.025040 0.006118 0.841612 0.000010 0.000010 0.004920 0.008748 0.000010 0.000010 0.000200 0.000010 0.000010 0.014569 0.000010
0.009957 0.054051 0.000010 0.021151 0.000010 0.017394 0.862362 0.000010 0.010867 0.001850 0.000010 0.000010 0.007387 0.003567 0.000010 0.003419 0.007926 0.000010
0.000010 0.023308 0.000010 0.002000 0.002918 0.000010 0.920125 0.000010 0.000010 0.000010 0.024356 0.000012 0.000010 0.000010 0.000010 0.010384 0.016796 0.000010
0.000010 0.032595 0.000010 0.004007 0.000010 0.000010 0.895704 0.000010 0.002541 0.011659 0.037709 0.000010 0.000010 0.004786 0.000012 0.000010 0.003244 0.007662
0.000010 0.020875 0.000010 0.000010 0.005690 0.000010 0.911398 0.011092 0.000010 0.000010 0.050502 0.000010 0.000010 0.000324 0.000010 0.000010 0.000010 0.000010
0.053299 0.016501 0.000010 0.004336 0.000010 0.000010 0.806683 0.000010 0.000010 0.002056 0.029577 0.032507 0.000010 0.005575 0.000010 0.000010 0.000010 0.049378
0.000010 0.051330 0.000010 0.009719 0.000010 0.000575 0.869901 0.000010 0.000010 0.001539 0.059576 0.000011 0.000010 0.007250 0.000010 0.000010 0.000010 0.000010
0.000010 0.007483 0.000010 0.000010 0.000010 0.000010 0.931568 0.000010 0.000010 0.027112 0.019656 0.000010 0.000010 0.000397 0.013664 0.000010 0.000010 0.000010
0.133644 0.000010 0.008558 0.017184 0.023536 0.003742 0.754262 0.002516 0.000010 0.002168 0.035273 0.000010 0.000010 0.000010 0.001069 0.002925 0.000010 0.015062
0.054994 0.036225 0.000010 0.030180 0.000010 0.000010 0.783101 0.000010 0.000010 0.000010 0.042386 0.024200 0.000010 0.000010 0.000010 0.000010 0.000010 0.028804
0.060550 0.000010 0.000010 0.000010 0.030640 0.001016 0.804718 0.000010 0.000010 0.013077 0.013291 0.007283 0.000010 0.000010 0.000010 0.000010 0.000010 0.069324
0.126867 0.007858 0.000010 0.000010 0.000010 0.000010 0.804988 0.000010 0.001599 0.000010 0.034060 0.004089 0.000010 0.000010 0.000010 0.011498 0.000010 0.008941
0.172029 0.035524 0.000010 0.021669 0.000010 0.010304 0.722891 0.000010 0.000010 0.000010 0.021049 0.000010 0.002311 0.000010 0.005332 0.000010 0.000010 0.008800
0.134846 0.021676 0.002984 0.023966 0.000010 0.000010 0.731216 0.005238 0.000010 0.010593 0.047070 0.000010 0.000970 0.005638 0.000010 0.008259 0.000010 0.007484
0.025797 0.024233 0.000010 0.041017 0.000010 0.000010 0.852613 0.000010 0.000010 0.000010 0.049863 0.002346 0.000010 0.004021 0.000010 0.000010 0.000010 0.000010
0.071625 0.060637 0.000010 0.016883 0.000010 0.000010 0.786738 0.000010 0.000010 0.005595 0.039034 0.000010 0.003810 0.004324 0.000849 0.008245 0.000010 0.002191
0.058284 0.024613 0.000010 0.000010 0.018020 0.006705 0.821585 0.000010 0.000010 0.000720 0.016276 0.000013 0.000010 0.000010 0.000010 0.003489 0.000010 0.050214
0.048421 0.016952 0.002354 0.016632 0.000010 0.013894 0.843237 0.004913 0.000541 0.000010 0.043689 0.000010 0.000010 0.003155 0.006142 0.000010 0.000010 0.000010
0.063903 0.068458 0.000010 0.000010 0.000010 0.000010 0.785694 0.000010 0.000010 0.012078 0.044706 0.000826 0.000010 0.000010 0.000010 0.004028 0.000010 0.020208
0.066558 0.026321 0.000010 0.000010 0.000010 0.003697 0.841989 0.004587 0.000010 0.012019 0.022514 0.005389 0.000010 0.006609 0.000010 0.000010 0.010236 0.000010
0.000010 0.039672 0.000010 0.000010 0.000010 0.000988 0.866872 0.000010 0.018080 0.009132 0.033906 0.000010 0.000010 0.014064 0.000010 0.004097 0.003423 0.009686
0.000010 0.033431 0.000010 0.000010 0.000010 0.008143 0.909743 0.000011 0.000010 0.000010 0.048543 0.000010 0.000010 0.000010 0.000010 0.000010 0.000010 0.000010
0.000010 0.028977 0.000010 0.000010 0.004648 0.001807 0.895782 0.000010 0.000010 0.019958 0.044627 0.000010 0.000010 0.000433 0.000010 0.003669 0.000010 0.000010
0.047998 0.000995 0.000010 0.000010 0.010917 0.000010 0.833547 0.000010 0.000010 0.000010 0.051533 0.000010 0.000010 0.000010 0.000010 0.026241 0.000010 0.028659
0.000010 0.090663 0.000010 0.000010 0.000010 0.000010 0.850658 0.010347 0.000010 0.000010 0.037458 0.000010 0.000010 0.000010 0.000010 0.010745 0.000010 0.000010
0.108120 0.028150 0.002337 0.005486 0.000010 0.003906 0.809249 0.000010 0.000010 0.008743 0.024683 0.000010 0.007941 0.000010 0.000010 0.001306 0.000010 0.000010
0.126102 0.037146 0.000010 0.000010 0.000010 0.008561 0.750405 0.006744 0.000010 0.014408 0.008023 0.000010 0.000010 0.000010 0.000010 0.002526 0.013472 0.032534
0.150361 0.010385 0.000010 0.020017 0.000010 0.000010 0.750436 0.011235 0.000010 0.000010 0.054804 0.000010 0.000010 0.000010 0.002654 0.000010 0.000010 0.000010
0.096392 0.034181 0.000010 0.004656 0.000010 0.000010 0.786416 0.000010 0.003766 0.017875 0.033763 0.000010 0.000010 0.000010 0.000010 0.000010 0.000010 0.022850
0.077310 0.063238 0.000010 0.016965 0.000010 0.011786 0.745107 0.015289 0.000010 0.011194 0.033822 0.000010 0.000010 0.003488 0.000010 0.000010 0.000010 0.021721
0.154821 0.009909 0.000010 0.007412 0.000010 0.006696 0.766297 0.000010 0.000010 0.000010 0.027757 0.000010 0.000010 0.001273 0.000010 0.013109 0.000010 0.012636
0.085246 0.056457 0.000010 0.000010 0.003555 0.000010 0.806818 0.000010 0.000010 0.007458 0.017628 0.002458 0.000010 0.000190 0.000010 0.006467 0.013644 0.000010
0.046665 0.045800 0.000010 0.000010 0.029236 0.013889 0.830734 0.000010 0.004598 0.000010 0.023227 0.000010 0.000010 0.000010 0.000010 0.000010 0.000010 0.005751
0.136852 0.032624 0.000010 0.000010 0.000010 0.004413 0.776589 0.000010 0.000010 0.015061 0.000611 0.000010 0.000010 0.000010 0.000010 0.000010 0.017776 0.015974
0.052624 0.009839 0.000010 0.000010 0.000010 0.000645 0.878073 0.000010 0.005937 0.005555 0.024250 0.000010 0.000010 0.000010 0.000010 0.000010 0.006970 0.016016
0.044652 0.059792 0.000010 0.012246 0.000010 0.000010 0.818729 0.000010 0.000010 0.003781 0.039264 0.009372 0.000010 0.002972 0.000010 0.000010 0.000010 0.009104
0.147388 0.081559 0.000010 0.045263 0.000010 0.000010 0.639188 0.000010 0.002211 0.000010 0.022596 0.000010 0.008129 0.008562 0.000010 0.011366 0.000010 0.033658
0.016821 0.052128 0.000010 0.000010 0.000010 0.000010 0.856315 0.000010 0.000010 0.003770 0.033412 0.026098 0.000010 0.011346 0.000010 0.000010 0.000010 0.000010
0.038074 0.014181 0.000010 0.000010 0.000010 0.002594 0.875326 0.000010 0.000010 0.010108 0.017083 0.000010 0.009871 0.004441 0.000010 0.009723 0.018522 0.000010
0.230820 0.023842 0.000010 0.024423 0.032969 0.009310 0.652202 0.000010 0.000010 0.000010 0.009451 0.000010 0.000010 0.007546 0.000010 0.008817 0.000010 0.000540
0.078920 0.020033 0.000010 0.000010 0.000010 0.005438 0.835842 0.000010 0.000010 0.000010 0.036731 0.000010 0.000010 0.006901 0.000010 0.000010 0.016025 0.000010
0.135327 0.010190 0.000010 0.007449 0.000010 0.000010 0.787989 0.000010 0.004311 0.013078 0.019599 0.000010 0.000010 0.001764 0.000010 0.011416 0.008797 0.000010
0.051557 0.020229 0.000010 0.017560 0.000010 0.000010 0.848979 0.000010 0.000010 0.001689 0.056661 0.000010 0.000010 0.003214 0.000010 0.000010 0.000010 0.000010
0.209068 0.000010 0.000010 0.010904 0.009309 0.000010 0.699122 0.000010 0.000010 0.000010 0.000010 0.000010 0.000010 0.002985 0.012760 0.004123 0.000010 0.051629
0.038711 0.057958 0.002341 0.000010 0.000010 0.017208 0.836033 0.000010 0.000420 0.000010 0.015392 0.021097 0.000010 0.000694 0.000010 0.000010 0.004759 0.005316
0.083469 0.021930 0.000010 0.001353 0.000010 0.000010 0.816699 0.000010 0.000010 0.004771 0.047681 0.021584 0.000010 0.002412 0.000010 0.000010 0.000010 0.000010
0.123281 0.028990 0.000010 0.029487 0.000010 0.000010 0.776011 0.000010 0.000010 0.003801 0.038309 0.000010 0.000010 0.000010 0.000010 0.000010 0.000010 0.000010
0.053175 0.016314 0.000010 0.000010 0.000010 0.000010 0.801642 0.000010 0.000010 0.004907 0.065041 0.000010 0.007663 0.000010 0.000010 0.000010 0.000010 0.051149
0.062637 0.037045 0.000010 0.000010 0.000010 0.000010 0.841462 0.000010 0.000010 0.000010 0.004224 0.000010 0.000010 0.006747 0.000010 0.018584 0.018670 0.010530
0.000010 0.020409 0.000010 0.000010 0.026083 0.000010 0.921559 0.000010 0.003090 0.000010 0.011957 0.000010 0.000010 0.000010 0.000010 0.016781 0.000010 0.000010
0.124763 0.000011 0.000010 0.000010 0.018278 0.002440 0.748896 0.000010 0.000010 0.010535 0.014239 0.000010 0.000010 0.008741 0.000937 0.000010 0.006846 0.064244
0.103538 0.033605 0.000010 0.013479 0.000010 0.001956 0.780956 0.008673 0.000010 0.000010 0.036299 0.001673 0.000010 0.000010 0.000010 0.007995 0.000010 0.011746
0.000010 0.002832 0.000010 0.000010 0.000010 0.000010 0.898495 0.007440 0.011481 0.000010 0.036793 0.000014 0.000010 0.006024 0.000010 0.000010 0.012534 0.024296
0.099317 0.016069 0.000010 0.011793 0.000010 0.000010 0.814548 0.006760 0.000010 0.007482 0.033418 0.006303 0.000010 0.002853 0.000010 0.001379 0.000010 0.000010
0.005052 0.052105 0.000010 0.000010 0.000010 0.011131 0.853013 0.000010 0.000010 0.000010 0.017876 0.019249 0.000993 0.005382 0.000010 0.000010 0.000010 0.035109
0.000010 0.039615 0.000010 0.004972 0.007657 0.000010 0.883269 0.000010 0.007545 0.028671 0.008441 0.000010 0.000010 0.000010 0.002190 0.001093 0.016468 0.000010
0.069443 0.024962 0.000010 0.019986 0.001523 0.000010 0.798607 0.004815 0.000010 0.014493 0.046461 0.000010 0.007679 0.000010 0.000010 0.000010 0.000010 0.011951
0.071395 0.052225 0.000010 0.000010 0.022248 0.000010 0.798890 0.000010 0.000010 0.000010 0.049026 0.000010 0.000010 0.000010 0.000010 0.006097 0.000010 0.000010
0.000010 0.005483 0.000010 0.000010 0.000010 0.000010 0.921510 0.000892 0.000010 0.000010 0.042730 0.000010 0.000010 0.009793 0.000010 0.019471 0.000010 0.000010
0.034549 0.032331 0.000010 0.018674 0.000010 0.008723 0.836947 0.000010 0.000010 0.007619 0.053257 0.000010 0.000010 0.000010 0.000010 0.007801 0.000010 0.000010
0.084685 0.042822 0.000010 0.012790 0.012969 0.000104 0.764444 0.000010 0.000010 0.011240 0.034451 0.000010 0.000010 0.000222 0.000010 0.000010 0.000010 0.036191
0.122696 0.014482 0.000010 0.000016 0.000010 0.000010 0.801346 0.000010 0.000010 0.008116 0.033989 0.000010 0.000010 0.000010 0.000010 0.000010 0.019244 0.000010
0.000010 0.056457 0.000010 0.001136 0.000010 0.000012 0.866395 0.000010 0.005006 0.003629 0.058730 0.000010 0.000010 0.000010 0.000010 0.008535 0.000010 0.000010
0.055161 0.002526 0.000010 0.000010 0.000010 0.000010 0.857306 0.000010 0.000010 0.000010 0.067285 0.000010 0.000010 0.000235 0.001151 0.009961 0.000010 0.006275
0.124128 0.044238 0.000010 0.000010 0.000010 0.000010 0.733496 0.000010 0.000010 0.000010 0.025195 0.000010 0.000010 0.021759 0.000010 0.002483 0.015928 0.032673
0.000010 0.064038 0.000010 0.000010 0.067208 0.030882 0.749902 0.000010 0.000010 0.020918 0.039145 0.027796 0.000010 0.000010 0.000010 0.000010 0.000010 0.000010
0.054276 0.029083 0.000010 0.000010 0.025557 0.006668 0.833018 0.008350 0.003516 0.000010 0.035054 0.000010 0.000010 0.002691 0.000010 0.000010 0.001707 0.000010
0.041377 0.012305 0.000010 0.031611 0.000010 0.011739 0.848581 0.000010 0.000010 0.000010 0.000010 0.023565 0.000014 0.003918 0.000010 0.000010 0.004827 0.021982
0.138502 0.050377 0.000010 0.000218 0.000010 0.000010 0.711764 0.000010 0.000010 0.000921 0.008922 0.020096 0.000010 0.000010 0.002633 0.010486 0.001066 0.054945
0.066776 0.011964 0.000010 0.000010 0.000010 0.000010 0.866538 0.018173 0.000010 0.001279 0.023817 0.007627 0.003727 0.000010 0.000010 0.000010 0.000010 0.000010
0.013387 0.030992 0.000010 0.000010 0.000010 0.007452 0.868795 0.000010 0.000010 0.009663 0.056518 0.000010 0.000010 0.013082 0.000010 0.000010 0.000010 0.000010
0.000010 0.031497 0.000010 0.000010 0.004448 0.000010 0.913664 0.000010 0.000010 0.000010 0.030634 0.000010 0.008666 0.010215 0.000010 0.000010 0.000766 0.000010
0.106092 0.001602 0.000010 0.032239 0.000010 0.007006 0.791192 0.022610 0.000010 0.010997 0.009617 0.000010 0.000010 0.000010 0.005425 0.000010 0.013140 0.000010
0.000010 0.000010 0.000010 0.000010 0.530004 0.000010 0.000010 0.000010 0.000010 0.000010 0.003546 0.351644 0.000010 0.000010 0.000010 0.000010 0.114665 0.000010
0.000010 0.000010 0.000010 0.000010 0.645052 0.004096 0.000010 0.000010 0.000010 0.009102 0.000010 0.308524 0.000010 0.001413 0.000010 0.000010 0.031693 0.000010
0.000010 0.000010 0.000010 0.000010 0.668268 0.000010 0.000010 0.000010 0.000010 0.000010 0.000010 0.326251 0.000010 0.000480 0.000010 0.004861 0.000010 0.000010
0.000010 0.000010 0.000010 0.000010 0.552878 0.000010 0.000010 0.000010 0.000010 0.000010 0.000010 0.398475 0.000010 0.000264 0.000010 0.000010 0.048243 0.000010
0.000010 0.000010 0.000010 0.000010 0.617328 0.000010 0.000010 0.000010 0.000010 0.000010 0.000010 0.323107 0.000010 0.009164 0.000010 0.013735 0.036536 0.000010
0.000010 0.000010 0.000010 0.000010 0.555479 0.000010 0.000010 0.000010 0.000010 0.000010 0.036850 0.371262 0.000010 0.003610 0.000010 0.000010 0.032670 0.000010
0.000010 0.000010 0.000010 0.000010 0.609309 0.000010 0.000010 0.000010 0.000010 0.000010 0.000010 0.357116 0.000010 0.000010 0.000010 0.000010 0.033425 0.000010
0.000010 0.000010 0.000010 0.000010 0.639558 0.000010 0.000010 0.009725 0.000010 0.000010 0.004791 0.298800 0.000010 0.000010 0.000010 0.000010 0.046996 0.000010
0.000010 0.000010 0.000010 0.000010 0.548260 0.003060 0.000010 0.000010 0.000010 0.000010 0.000010 0.381210 0.000010 0.000010 0.000010 0.000010 0.067330 0.000010
0.000010 0.000010 0.000010 0.000010 0.656871 0.000010 0.000010 0.000010 0.000010 0.000010 0.000010 0.336760 0.000010 0.000010 0.000010 0.006219 0.000010 0.000010
0.000010 0.000010 0.000010 0.000010 0.548743 0.000010 0.000010 0.000010 0.004054 0.003982 0.006896 0.384709 0.000010 0.000010 0.000010 0.000010 0.051495 0.000010
0.000010 0.000010 0.000010 0.000010 0.637843 0.000010 0.000010 0.000010 0.000010 0.010436 0.000010 0.324064 0.000010 0.000010 0.000010 0.000010 0.027517 0.000010
0.000010 0.000010 0.000010 0.000010 0.524456 0.000010 0.000010 0.000010 0.000010 0.000010 0.000010 0.411561 0.000010 0.000011 0.000010 0.000010 0.063833 0.000010
0.000010 0.000010 0.000010 0.000010 0.570431 0.007303 0.000010 0.008212 0.000019 0.001997 0.000010 0.337020 0.000010 0.000010 0.000010 0.000010 0.074908 0.000010
0.000010 0.000010 0.000010 0.000010 0.547995 0.000010 0.000010 0.000010 0.000010 0.000010 0.000010 0.331710 0.000010 0.008563 0.000010 0.000010 0.111592 0.000010
0.000010 0.000010 0.000010 0.000010 0.653650 0.007963 0.000010 0.000010 0.000010 0.000010 0.000010 0.303448 0.000010 0.000010 0.000010 0.000010 0.034798 0.000010
0.000010 0.000010 0.000010 0.000010 0.608255 0.000010 0.000010 0.000010 0.000010 0.000010 0.016499 0.364162 0.000010 0.000010 0.000010 0.010944 0.000010 0.000010
0.000010 0.000010 0.000010 0.000010 0.572492 0.000010 0.000010 0.000010 0.000010 0.000010 0.000010 0.360119 0.000010 0.004334 0.000010 0.000010 0.062914 0.000010
0.000010 0.000010 0.000010 0.000010 0.663904 0.000010 0.000010 0.000010 0.000010 0.002173 0.000010 0.286753 0.000010 0.000010 0.000010 0.000010 0.047030 0.000010
0.000010 0.000010 0.000010 0.000010 0.606876 0.000010 0.000010 0.000010 0.000010 0.000010 0.002908 0.346156 0.000010 0.005216 0.000010 0.004102 0.034622 0.000010
0.000010 0.000010 0.000010 0.000010 0.545929 0.003784 0.000010 0.000010 0.000010 0.000010 0.002912 0.385375 0.000010 0.000010 0.000010 0.000010 0.061870 0.000010
0.000010 0.000010 0.000010 0.000010 0.629924 0.009797 0.000010 0.000010 0.000010 0.000010 0.000010 0.308850 0.000010 0.000875 0.000010 0.000010 0.050424 0.000010
0.000010 0.000010 0.000010 0.000010 0.577792 0.004827 0.000010 0.000010 0.000010 0.000010 0.000010 0.356846 0.000010 0.001696 0.000010 0.007721 0.050998 0.000010
0.000010 0.000010 0.000010 0.000010 0.575277 0.002991 0.000010 0.000550 0.000010 0.000010 0.000010 0.373654 0.000010 0.000010 0.000010 0.000010 0.047398 0.000010
0.000010 0.000010 0.000010 0.000010 0.633871 0.004269 0.000010 0.000010 0.000010 0.000010 0.000010 0.307105 0.000010 0.000010 0.000010 0.000010 0.054614 0.000010
0.000010 0.000010 0.000010 0.000010 0.591236 0.000355 0.000010 0.000010 0.000010 0.000010 0.007565 0.375116 0.000010 0.000010 0.000010 0.000010 0.025599 0.000010
0.000010 0.000010 0.000010 0.000010 0.634917 0.000010 0.000010 0.000010 0.000010 0.000010 0.009655 0.295795 0.000010 0.000010 0.000010 0.000010 0.059493 0.000010
0.000010 0.000010 0.000010 0.000010 0.583195 0.013479 0.000010 0.000010 0.000010 0.000010 0.009872 0.364629 0.000010 0.008322 0.000010 0.000010 0.020382 0.000010
0.000010 0.000010 0.000010 0.000010 0.608132 0.000010 0.000010 0.000010 0.000010 0.012508 0.008987 0.337106 0.000010 0.000010 0.000010 0.000010 0.033137 0.000010
0.000010 0.000010 0.000010 0.000010 0.572074 0.000010 0.000010 0.000010 0.000010 0.014445 0.021952 0.362022 0.000010 0.009005 0.000010 0.000010 0.020382 0.000010
0.000010 0.000010 0.000010 0.000010 0.720541 0.000010 0.000010 0.000010 0.000010 0.000010 0.000010 0.229252 0.000010 0.000010 0.000010 0.000010 0.050057 0.000010
0.000010 0.000010 0.000010 0.000010 0.529395 0.000010 0.000010 0.000010 0.000010 0.000010 0.011979 0.385815 0.000010 0.000010 0.000010 0.000010 0.072672 0.000010
0.000010 0.000010 0.000010 0.000010 0.576674 0.000010 0.000010 0.000010 0.000010 0.000010 0.000010 0.381316 0.000010 0.004659 0.000010 0.000010 0.037212 0.000010
0.000010 0.000010 0.000010 0.000010 0.565833 0.000010 0.000010 0.000010 0.000010 0.000010 0.041495 0.308689 0.000010 0.001983 0.000010 0.013439 0.068440 0.000010
