0.064354 0.000010 0.000857 0.000010 0.387178 0.000010 0.000010 0.000010 0.004101 0.000010 0.000010 0.000010 0.000010 0.523315 0.020065 0.000010 0.000010 0.000010 0.000010
0.092144 0.000010 0.000010 0.000010 0.397771 0.000010 0.000010 0.000010 0.014192 0.000010 0.000010 0.000010 0.000010 0.488471 0.000010 0.007282 0.000010 0.000010 0.000010
0.009852 0.094538 0.014488 0.000010 0.000010 0.000010 0.000010 0.386114 0.000010 0.035378 0.220398 0.000010 0.211389 0.000010 0.000010 0.000010 0.006426 0.000010 0.021318
0.011524 0.090578 0.000911 0.000010 0.012606 0.000010 0.000010 0.375015 0.000010 0.010191 0.262758 0.000010 0.186470 0.005053 0.000010 0.000010 0.000010 0.000010 0.044803
0.000010 0.000010 0.031150 0.000010 0.000017 0.000010 0.000010 0.000010 0.047774 0.000010 0.000010 0.000010 0.000010 0.000010 0.000010 0.000010 0.000010 0.920909 0.000010
0.004394 0.000010 0.000014 0.139430 0.000010 0.709496 0.040323 0.000010 0.000010 0.073316 0.009744 0.000010 0.000010 0.011957 0.000010 0.011227 0.000010 0.000010 0.000010
0.007624 0.368530 0.003991 0.008390 0.008849 0.000010 0.000010 0.466026 0.000010 0.025433 0.000010 0.000010 0.072586 0.000039 0.000010 0.005367 0.000010 0.000010 0.033085
0.000010 0.000010 0.013707 0.000010 0.000010 0.000010 0.000010 0.000010 0.000010 0.000010 0.000010 0.805454 0.000010 0.005690 0.000010 0.000010 0.000010 0.174998 0.000010
0.000010 0.000010 0.000010 0.999820 0.000010 0.000010 0.000010 0.000010 0.000010 0.000010 0.000010 0.000010 0.000010 0.000010 0.000010 0.000010 0.000010 0.000010 0.000010
0.000010 0.000010 0.000010 0.026752 0.000010 0.019462 0.923641 0.000010 0.000010 0.029994 0.000010 0.000010 0.000010 0.000010 0.000010 0.000010 0.000010 0.000010 0.000010
0.000010 0.000010 0.000010 0.953990 0.000010 0.045840 0.000010 0.000010 0.000010 0.000010 0.000010 0.000010 0.000010 0.000010 0.000010 0.000010 0.000010 0.000010 0.000010
0.000010 0.000010 0.000010 0.000010 0.000010 0.000010 0.000010 0.000010 0.000010 0.000010 0.000010 0.000010 0.000010 0.000010 0.234802 0.067549 0.697489 0.000010 0.000010
0.000010 0.000010 0.000010 0.000010 0.000010 0.000010 0.000010 0.000010 0.000010 0.000010 0.000010 0.000010 0.000010 0.999820 0.000010 0.000010 0.000010 0.000010 0.000010
0.000010 0.013500 0.000010 0.000010 0.000010 0.000010 0.000010 0.737824 0.000010 0.046460 0.185178 0.000010 0.000010 0.016238 0.000010 0.000669 0.000010 0.000010 0.000010
0.000010 0.000010 0.000010 0.000010 0.000010 0.598251 0.401579 0.000010 0.000010 0.000010 0.000010 0.000010 0.000010 0.000010 0.000010 0.000010 0.000010 0.000010 0.000010
0.000010 0.404237 0.000010 0.000357 0.002358 0.000010 0.000010 0.418011 0.000010 0.050428 0.000010 0.001206 0.103661 0.006830 0.012811 0.000010 0.000010 0.000010 0.000010
0.025127 0.369764 0.000010 0.002066 0.000737 0.000010 0.000010 0.500133 0.000010 0.000010 0.005070 0.000010 0.063917 0.015117 0.017971 0.000010 0.000010 0.000010 0.000010
0.014139 0.445377 0.012778 0.000010 0.001276 0.000010 0.000012 0.423739 0.000010 0.000010 0.000010 0.000010 0.079926 0.000010 0.000010 0.017557 0.000642 0.000010 0.004463
0.000010 0.369889 0.000010 0.000010 0.000010 0.000010 0.000010 0.488933 0.000010 0.059682 0.000010 0.000010 0.042462 0.005731 0.013359 0.001874 0.000010 0.000010 0.017960
0.000010 0.371365 0.000010 0.004804 0.018046 0.003364 0.000010 0.498581 0.000010 0.000010 0.000010 0.000010 0.063412 0.000010 0.000010 0.000010 0.015178 0.000010 0.025140
0.038049 0.429936 0.000010 0.000010 0.000010 0.000010 0.000010 0.436376 0.000010 0.000010 0.000010 0.000010 0.047297 0.000010 0.005389 0.000010 0.004581 0.000010 0.038253
0.000010 0.410545 0.000010 0.000010 0.000010 0.000010 0.000010 0.449022 0.000010 0.000010 0.000010 0.000010 0.085562 0.015251 0.006988 0.000010 0.000010 0.003167 0.029344
0.000010 0.393798 0.000010 0.008984 0.000010 0.000010 0.000644 0.451994 0.000010 0.015424 0.000015 0.000010 0.092793 0.000010 0.014919 0.000010 0.000010 0.000010 0.021330
0.012359 0.381145 0.000010 0.000010 0.007811 0.010545 0.000010 0.499587 0.000010 0.000010 0.000010 0.000010 0.043682 0.000010 0.000010 0.001489 0.013872 0.000010 0.029409
0.003336 0.401755 0.000010 0.000010 0.000010 0.000010 0.000010 0.469142 0.000010 0.000010 0.000010 0.000010 0.071708 0.000010 0.001210 0.012597 0.000010 0.000010 0.040131
0.000010 0.444149 0.000010 0.003098 0.000010 0.002032 0.000010 0.453036 0.000010 0.003311 0.000010 0.000010 0.058551 0.000010 0.001091 0.000010 0.002130 0.002284 0.030228
0.000010 0.446205 0.000010 0.000010 0.003842 0.003162 0.000010 0.401619 0.000010 0.000010 0.035601 0.000010 0.058193 0.000010 0.000010 0.015745 0.000010 0.000010 0.035523
0.000010 0.401551 0.000010 0.002440 0.003499 0.003084 0.001323 0.523963 0.004660 0.005301 0.000010 0.000010 0.022631 0.000010 0.000010 0.009402 0.000010 0.000010 0.022066
0.004845 0.469754 0.000010 0.000010 0.008765 0.000010 0.000010 0.395423 0.000010 0.042710 0.000010 0.000010 0.078090 0.000010 0.000010 0.000010 0.000010 0.000010 0.000293
0.008956 0.413841 0.000010 0.005639 0.000010 0.000010 0.000010 0.468237 0.000010 0.000010 0.000010 0.000010 0.036072 0.002364 0.000979 0.007326 0.001596 0.000010 0.054900
0.000010 0.371323 0.000010 0.000010 0.000010 0.000010 0.000010 0.473664 0.004200 0.003817 0.000010 0.000010 0.120434 0.000010 0.001369 0.000010 0.011500 0.000010 0.013583
0.000010 0.365593 0.000010 0.000010 0.000317 0.000010 0.000010 0.481897 0.000010 0.016979 0.000010 0.000010 0.109121 0.003297 0.011486 0.000010 0.000010 0.000839 0.010370
0.000010 0.424671 0.007489 0.000010 0.000010 0.000010 0.000010 0.452164 0.000010 0.000010 0.000010 0.000010 0.102759 0.005307 0.000630 0.006861 0.000010 0.000010 0.000010
0.000010 0.362681 0.000010 0.000010 0.000977 0.000010 0.000010 0.473164 0.000010 0.014230 0.000010 0.000010 0.089183 0.008462 0.014753 0.000010 0.000010 0.000010 0.036441
0.000010 0.394642 0.000010 0.000010 0.000010 0.000010 0.000010 0.479464 0.000010 0.000010 0.000010 0.000010 0.095872 0.000010 0.019247 0.007274 0.000010 0.003370 0.000010
0.000010 0.464366 0.000010 0.000010 0.000010 0.000010 0.000010 0.381836 0.000010 0.071265 0.000010 0.000010 0.045585 0.013178 0.000010 0.000010 0.000010 0.000010 0.023641
0.020364 0.392181 0.000010 0.000278 0.005205 0.000010 0.000010 0.486319 0.006854 0.008103 0.000010 0.000014 0.054896 0.000010 0.000010 0.022765 0.000010 0.000010 0.002941
0.000010 0.423173 0.000010 0.002566 0.000010 0.000010 0.000010 0.466124 0.000010 0.012768 0.000010 0.000010 0.077694 0.001632 0.015924 0.000010 0.000010 0.000010 0.000010
0.000010 0.441333 0.000010 0.004235 0.002891 0.000010 0.000010 0.493628 0.000010 0.000010 0.000010 0.009703 0.023200 0.000010 0.003237 0.000010 0.000010 0.000010 0.021664
0.000010 0.453787 0.000010 0.000010 0.000010 0.000010 0.006993 0.449641 0.000010 0.000010 0.000010 0.000010 0.073571 0.000010 0.000010 0.000010 0.003084 0.000010 0.012792
0.000010 0.404552 0.000010 0.001056 0.004462 0.000010 0.000010 0.515261 0.000010 0.000010 0.000010 0.000010 0.043783 0.000010 0.000010 0.010904 0.007393 0.000010 0.012478
0.000010 0.392018 0.000010 0.014856 0.004558 0.000010 0.000010 0.480927 0.000010 0.000010 0.000010 0.000010 0.078452 0.000010 0.022802 0.000010 0.000010 0.000010 0.006267
0.000010 0.459104 0.000010 0.000010 0.000010 0.015209 0.000010 0.396314 0.000010 0.000010 0.000010 0.000010 0.052979 0.011220 0.013554 0.000951 0.000010 0.000010 0.050559
0.014051 0.371611 0.000010 0.000010 0.003228 0.000010 0.004975 0.521810 0.000010 0.000010 0.000010 0.000010 0.019282 0.007817 0.011258 0.000010 0.000010 0.000010 0.045868
0.004757 0.347810 0.006148 0.006419 0.000010 0.000010 0.000010 0.516221 0.000010 0.024820 0.000010 0.000010 0.033537 0.006921 0.000010 0.000010 0.000065 0.000010 0.053212
0.005262 0.405397 0.000010 0.000010 0.010892 0.008928 0.000010 0.452566 0.000010 0.000010 0.023776 0.000010 0.062327 0.000010 0.000010 0.000010 0.000010 0.000010 0.030743
0.000010 0.476372 0.000010 0.000010 0.000010 0.003043 0.000010 0.396938 0.000010 0.003919 0.037991 0.000010 0.034270 0.003368 0.000010 0.000010 0.002706 0.000010 0.041294
0.000010 0.378841 0.006986 0.000010 0.000010 0.000010 0.004571 0.488301 0.000010 0.009997 0.009387 0.000010 0.055759 0.004703 0.000010 0.001845 0.000010 0.000010 0.039520
0.012046 0.375323 0.000010 0.004541 0.000010 0.000010 0.000010 0.463163 0.000010 0.000010 0.004555 0.000010 0.098857 0.004866 0.000010 0.012867 0.000010 0.000010 0.023683
0.014424 0.375990 0.000010 0.000794 0.000010 0.000010 0.000010 0.504490 0.000010 0.012495 0.017897 0.000010 0.059817 0.002491 0.002587 0.000010 0.000010 0.000010 0.008925
0.000010 0.383118 0.000010 0.005729 0.001798 0.000010 0.000010 0.469024 0.000010 0.053711 0.000010 0.000010 0.044015 0.008009 0.000010 0.000010 0.000010 0.000010 0.034486
0.000010 0.433129 0.000010 0.003698 0.000010 0.006713 0.000010 0.416020 0.000010 0.000010 0.000010 0.000010 0.059922 0.007661 0.000010 0.000205 0.017058 0.000010 0.055494
0.001469 0.425036 0.000010 0.011757 0.000010 0.000010 0.001248 0.471458 0.000010 0.000010 0.017004 0.000010 0.052285 0.000010 0.007912 0.000010 0.000010 0.000010 0.011730
0.000010 0.438287 0.000010 0.000010 0.000010 0.000010 0.000010 0.423160 0.000016 0.035296 0.000010 0.000010 0.061869 0.005200 0.008775 0.000010 0.000010 0.000010 0.027287
0.010927 0.359556 0.004162 0.000010 0.000010 0.001071 0.000010 0.536878 0.000010 0.000010 0.021616 0.000010 0.041316 0.000010 0.005043 0.000010 0.000010 0.000010 0.019330
0.000010 0.430563 0.000010 0.000010 0.019964 0.000010 0.000010 0.468024 0.000010 0.000010 0.000010 0.000010 0.064666 0.000010 0.011141 0.005513 0.000010 0.000010 0.000010
0.000010 0.412478 0.000010 0.000010 0.000010 0.000010 0.011604 0.441674 0.000255 0.018530 0.046582 0.000010 0.000010 0.000010 0.003758 0.001367 0.000010 0.000010 0.063652
0.000010 0.406106 0.000010 0.000010 0.000010 0.000010 0.000010 0.488850 0.000010 0.049027 0.000010 0.000010 0.025219 0.011800 0.006360 0.000010 0.005884 0.000010 0.006644
0.002750 0.427766 0.000010 0.000010 0.001058 0.000010 0.000010 0.451396 0.000010 0.000010 0.000010 0.000010 0.083652 0.004686 0.000010 0.000010 0.000010 0.000010 0.028572
0.000010 0.411975 0.000010 0.014128 0.004316 0.000010 0.004432 0.478977 0.000010 0.000010 0.012995 0.000010 0.026662 0.003357 0.000010 0.000010 0.004791 0.000010 0.038277
0.014452 0.369505 0.000010 0.000010 0.000010 0.000010 0.000010 0.517523 0.000010 0.027375 0.000010 0.000010 0.057810 0.006086 0.000010 0.000010 0.007129 0.000010 0.000010
0.000010 0.413813 0.000010 0.000010 0.003335 0.012069 0.000010 0.423266 0.000010 0.000010 0.008952 0.000010 0.103542 0.005170 0.000282 0.008902 0.003458 0.000010 0.017133
0.000010 0.415256 0.000010 0.000010 0.000010 0.000010 0.000010 0.438812 0.000010 0.016893 0.027345 0.000010 0.078650 0.019839 0.000010 0.003084 0.000010 0.000010 0.000010
0.000148 0.433694 0.000010 0.008454 0.000010 0.000010 0.000010 0.456539 0.002653 0.000010 0.023890 0.000010 0.055568 0.002908 0.000010 0.000010 0.000654 0.000010 0.015402
0.000010 0.464560 0.000010 0.000010 0.000010 0.000010 0.000010 0.440365 0.000010 0.030505 0.009110 0.000010 0.004676 0.005608 0.000010 0.000010 0.000010 0.014698 0.030368
0.032266 0.390923 0.000010 0.003339 0.004009 0.000327 0.000010 0.440430 0.000010 0.000010 0.034523 0.000010 0.055559 0.005470 0.008044 0.009525 0.000010 0.005112 0.010413
0.000010 0.455504 0.000010 0.000010 0.004209 0.000010 0.000010 0.379563 0.000010 0.067779 0.000010 0.000010 0.075205 0.014168 0.000010 0.001915 0.000010 0.000010 0.001546
0.003152 0.419986 0.000010 0.000010 0.003738 0.000010 0.000010 0.421830 0.000010 0.040201 0.002019 0.000010 0.084520 0.000546 0.000010 0.000010 0.002459 0.001275 0.020194
0.000010 0.442303 0.000010 0.000010 0.000010 0.000010 0.000010 0.432341 0.000010 0.000010 0.072663 0.000010 0.031125 0.000010 0.000010 0.013007 0.000010 0.000010 0.008432
0.000010 0.393954 0.000010 0.000010 0.010389 0.000010 0.000012 0.492633 0.000010 0.006196 0.008396 0.000010 0.047810 0.005329 0.000010 0.007561 0.010871 0.000010 0.016771
0.009134 0.374977 0.000010 0.000010 0.000010 0.000010 0.000010 0.505883 0.000010 0.000010 0.010458 0.012116 0.060575 0.000010 0.000010 0.020957 0.000010 0.005788 0.000010
0.000010 0.428324 0.000010 0.000010 0.000010 0.000010 0.000010 0.433804 0.000010 0.004647 0.000010 0.000010 0.065889 0.018815 0.002211 0.000010 0.009115 0.000010 0.037085
0.000010 0.371792 0.015400 0.000010 0.000385 0.000010 0.000010 0.485609 0.004526 0.000010 0.000010 0.000010 0.055444 0.010213 0.020045 0.000010 0.000010 0.000010 0.036487
0.000010 0.382734 0.000010 0.000010 0.000010 0.000010 0.000010 0.481219 0.000010 0.000010 0.000010 0.000010 0.093442 0.013347 0.000010 0.000356 0.000010 0.005488 0.023294
0.000548 0.418947 0.000010 0.000010 0.000010 0.000010 0.000010 0.434124 0.000010 0.000010 0.026380 0.000010 0.062586 0.010981 0.017112 0.000010 0.000010 0.000010 0.029212
0.000010 0.845171 0.042987 0.000010 0.005222 0.000010 0.000010 0.047130 0.000010 0.019641 0.000010 0.008772 0.000010 0.000010 0.000010 0.000010 0.000010 0.000010 0.030958
0.000010 0.834154 0.010168 0.000010 0.000010 0.000010 0.000010 0.053219 0.030434 0.033768 0.023865 0.000010 0.000010 0.000010 0.011625 0.000010 0.000010 0.002657 0.000010
0.000010 0.736740 0.003051 0.000010 0.000010 0.000010 0.000010 0.154848 0.014346 0.000010 0.028346 0.000010 0.003849 0.010532 0.000010 0.000887 0.018787 0.000010 0.028524
0.000010 0.834588 0.038849 0.008320 0.000010 0.000010 0.000010 0.040648 0.000220 0.057356 0.007808 0.012101 0.000010 0.000010 0.000010 0.000010 0.000010 0.000010 0.000010
0.000010 0.832848 0.036737 0.000010 0.000564 0.000010 0.001817 0.013394 0.010288 0.040337 0.036086 0.000010 0.000010 0.000010 0.002309 0.010572 0.000010 0.000010 0.014968
0.012115 0.819210 0.001742 0.000010 0.000010 0.001499 0.000010 0.068693 0.029851 0.006469 0.033808 0.000010 0.003333 0.011414 0.010583 0.001215 0.000010 0.000010 0.000010
0.000010 0.816768 0.037795 0.000010 0.000010 0.000010 0.000010 0.057237 0.005678 0.027691 0.029394 0.000010 0.017870 0.000010 0.000010 0.000010 0.007458 0.000010 0.000010
0.000010 0.820807 0.058573 0.000010 0.000804 0.000010 0.000010 0.045455 0.000010 0.011902 0.053349 0.000010 0.000010 0.000010 0.007834 0.000010 0.000010 0.000010 0.001166
0.000010 0.622432 0.022787 0.000716 0.004586 0.010343 0.000010 0.125394 0.019002 0.005315 0.117084 0.000010 0.072251 0.000010 0.000010 0.000010 0.000010 0.000010 0.000010
0.000010 0.825751 0.044265 0.005242 0.000010 0.000010 0.000010 0.043122 0.000010 0.000010 0.013267 0.002750 0.008191 0.000010 0.000010 0.000010 0.025077 0.000010 0.032234
0.000010 0.818158 0.037252 0.003386 0.009982 0.000010 0.000010 0.037836 0.000010 0.000010 0.018215 0.000010 0.045396 0.000010 0.023985 0.000419 0.000010 0.005282 0.000010
0.000010 0.851292 0.042568 0.009654 0.004703 0.000010 0.000010 0.008820 0.000010 0.042220 0.000010 0.009911 0.021411 0.000010 0.000010 0.000010 0.000010 0.000010 0.009321
0.000010 0.827008 0.041351 0.000010 0.011751 0.000010 0.000010 0.007409 0.000010 0.053471 0.035684 0.000010 0.000010 0.002695 0.000010 0.000010 0.015997 0.000010 0.004535
0.000010 0.825216 0.056558 0.000010 0.000010 0.000010 0.000010 0.020718 0.000010 0.019705 0.056480 0.000010 0.000010 0.000010 0.000010 0.014422 0.000010 0.000010 0.006780
0.004672 0.819639 0.022615 0.000010 0.000010 0.003121 0.000010 0.098244 0.006590 0.014402 0.015786 0.000010 0.000010 0.007245 0.004704 0.000010 0.000010 0.000010 0.002901
0.000011 0.759253 0.018812 0.000010 0.000010 0.000010 0.000010 0.095762 0.000010 0.037150 0.022930 0.040226 0.000010 0.011521 0.000010 0.001997 0.012246 0.000010 0.000010
0.000010 0.692383 0.035599 0.000010 0.007000 0.000010 0.002346 0.156300 0.000013 0.035320 0.000010 0.000010 0.036524 0.000010 0.008572 0.000010 0.000010 0.000010 0.025853
0.000010 0.367501 0.000010 0.000010 0.000010 0.000010 0.000010 0.478813 0.000010 0.000010 0.000010 0.000010 0.079042 0.000010 0.028831 0.002823 0.000143 0.000010 0.042726
0.003699 0.374916 0.000010 0.000010 0.007144 0.000010 0.003540 0.466240 0.000010 0.000010 0.003441 0.000010 0.093481 0.008495 0.000010 0.000010 0.007138 0.000010 0.031815
0.000010 0.375405 0.000010 0.010613 0.004024 0.000010 0.000010 0.498626 0.000010 0.018867 0.000010 0.000010 0.053910 0.000010 0.000010 0.004044 0.000010 0.000010 0.034402
0.014225 0.370483 0.000010 0.000010 0.000010 0.000010 0.000010 0.487928 0.000010 0.000010 0.000010 0.000010 0.081216 0.014509 0.000013 0.005706 0.000010 0.000010 0.025810
0.005372 0.392358 0.000010 0.000010 0.000010 0.000010 0.000010 0.424429 0.000010 0.038045 0.015519 0.000010 0.087467 0.002793 0.015247 0.000010 0.000010 0.000010 0.018671
0.000010 0.406285 0.000010 0.014046 0.000010 0.005298 0.000010 0.468066 0.000010 0.000010 0.030768 0.000010 0.043060 0.000010 0.007449 0.000010 0.000010 0.000010 0.024918
0.000010 0.383947 0.000010 0.000010 0.005588 0.000010 0.000010 0.451109 0.000010 0.034587 0.000010 0.000010 0.079899 0.000010 0.023565 0.000010 0.000010 0.000010 0.021185
0.017553 0.382954 0.000010 0.000010 0.002288 0.000010 0.000010 0.449119 0.000010 0.000010 0.053326 0.000010 0.054532 0.002899 0.000010 0.007216 0.004300 0.000010 0.025723
0.000010 0.430193 0.000010 0.001474 0.010797 0.010550 0.008656 0.459533 0.000010 0.000010 0.012409 0.000010 0.050133 0.000010 0.011298 0.000010 0.000010 0.000010 0.004866
0.000010 0.435968 0.000010 0.000010 0.000010 0.000010 0.000010 0.454806 0.000010 0.000010 0.015756 0.000010 0.052216 0.002927 0.000010 0.000010 0.007358 0.000010 0.030849
0.004960 0.408305 0.000010 0.000010 0.000010 0.000886 0.000010 0.418513 0.000010 0.000010 0.034461 0.000010 0.097710 0.011672 0.009466 0.000010 0.008563 0.000010 0.005374
0.000010 0.392659 0.000010 0.003551 0.000010 0.000010 0.000010 0.461609 0.000010 0.000010 0.018489 0.000010 0.045352 0.000010 0.000010 0.020299 0.000010 0.000969 0.056962
0.000010 0.355513 0.000010 0.000010 0.000579 0.000010 0.000010 0.457389 0.000010 0.036949 0.012360 0.000010 0.086418 0.010039 0.001319 0.011524 0.000010 0.000010 0.027821
0.002537 0.425612 0.000010 0.000314 0.000010 0.000010 0.000010 0.419649 0.000010 0.042337 0.021200 0.000010 0.082602 0.000010 0.000010 0.000511 0.005139 0.000010 0.000010
0.000010 0.414525 0.004219 0.000010 0.000010 0.000010 0.000010 0.456879 0.000010 0.000614 0.000010 0.000010 0.078255 0.026547 0.000010 0.000010 0.000010 0.000010 0.018841
0.000010 0.394151 0.000010 0.000010 0.013955 0.000010 0.003950 0.504619 0.004915 0.000010 0.000010 0.000010 0.052983 0.000010 0.019812 0.000559 0.000010 0.000010 0.004955
0.000010 0.329738 0.000010 0.000010 0.005854 0.000010 0.000010 0.496476 0.000132 0.008554 0.033854 0.000010 0.077878 0.000010 0.000010 0.000010 0.010033 0.000010 0.037380
0.000010 0.351253 0.006405 0.000010 0.005392 0.000010 0.000010 0.491697 0.000010 0.000010 0.000010 0.000439 0.107759 0.000971 0.000010 0.014475 0.004578 0.000010 0.016942
0.001536 0.397620 0.000010 0.000326 0.006893 0.000010 0.006908 0.477665 0.000010 0.007179 0.023533 0.000010 0.032003 0.000703 0.000010 0.005170 0.000010 0.000010 0.040392
0.000890 0.386528 0.000010 0.001103 0.000144 0.000010 0.005923 0.479925 0.000010 0.042656 0.015084 0.000010 0.037761 0.005953 0.000010 0.002050 0.004431 0.000010 0.017490
0.000010 0.353841 0.000010 0.000813 0.000010 0.000010 0.003646 0.492457 0.000010 0.027636 0.003141 0.000010 0.046423 0.013785 0.020827 0.000010 0.000010 0.000010 0.037340
0.000010 0.413257 0.000010 0.007949 0.006814 0.000010 0.000010 0.461950 0.000010 0.000010 0.000010 0.000010 0.064385 0.000010 0.000010 0.000010 0.002439 0.000010 0.043085
0.008315 0.436905 0.000010 0.000010 0.010925 0.000010 0.002302 0.482996 0.000010 0.000010 0.013871 0.000010 0.015052 0.000010 0.013517 0.000010 0.000010 0.000010 0.016016
0.000901 0.382865 0.000010 0.000010 0.000010 0.000010 0.000010 0.447294 0.000010 0.054127 0.000010 0.000010 0.074444 0.000400 0.003751 0.008165 0.000010 0.000010 0.027953
0.000010 0.392480 0.000010 0.000010 0.007163 0.000010 0.000010 0.516687 0.000010 0.015728 0.003558 0.006297 0.027330 0.000010 0.000010 0.001011 0.000010 0.000010 0.029645
0.000010 0.383543 0.000010 0.001699 0.000010 0.000010 0.000010 0.494847 0.000010 0.000010 0.000010 0.000010 0.053519 0.002901 0.014022 0.000010 0.000010 0.000010 0.049350
0.000010 0.448748 0.001959 0.000010 0.009439 0.000010 0.000010 0.407775 0.000010 0.030830 0.000010 0.000010 0.087821 0.004141 0.006069 0.000015 0.000010 0.000010 0.003112
0.000010 0.385708 0.000779 0.000010 0.007130 0.000010 0.000010 0.483061 0.000010 0.036699 0.000020 0.000010 0.061854 0.001808 0.000010 0.005432 0.000010 0.000010 0.017420
0.005023 0.354349 0.000010 0.000010 0.006881 0.000010 0.000010 0.500418 0.000010 0.000010 0.040101 0.000010 0.084812 0.000010 0.000010 0.007164 0.000010 0.000010 0.001141
0.015716 0.412027 0.000010 0.000010 0.013989 0.000010 0.000010 0.463386 0.000010 0.003647 0.019293 0.000010 0.028721 0.005512 0.000010 0.000010 0.000010 0.000010 0.037610
0.000010 0.388191 0.000010 0.008631 0.001563 0.000010 0.000010 0.517965 0.000010 0.000010 0.003161 0.000010 0.038404 0.003745 0.006626 0.001352 0.002967 0.000010 0.027316
0.001577 0.428452 0.000010 0.000010 0.000010 0.000010 0.000010 0.464862 0.000010 0.030451 0.000010 0.002367 0.050117 0.004207 0.000010 0.000010 0.017856 0.000010 0.000010
0.000010 0.804361 0.017648 0.009827 0.002415 0.000010 0.000010 0.042177 0.000010 0.040135 0.019694 0.021332 0.026292 0.004511 0.002044 0.009494 0.000010 0.000010 0.000010
0.000010 0.866607 0.045099 0.000010 0.000010 0.000010 0.000010 0.018633 0.000010 0.009998 0.035651 0.000010 0.000010 0.014372 0.000010 0.009519 0.000010 0.000010 0.000010
0.000010 0.823265 0.006002 0.000010 0.000010 0.000010 0.000010 0.081262 0.000010 0.022720 0.010370 0.011242 0.000010 0.000010 0.000010 0.000010 0.025217 0.000010 0.019812
0.000852 0.922480 0.000010 0.001581 0.000010 0.000010 0.000010 0.000010 0.000010 0.002938 0.012417 0.000010 0.005385 0.014677 0.009452 0.004018 0.000010 0.026109 0.000010
0.000010 0.768101 0.020077 0.000010 0.000010 0.000010 0.000010 0.130575 0.001158 0.048709 0.000010 0.000010 0.008633 0.017245 0.001443 0.003959 0.000010 0.000010 0.000010
0.007075 0.886285 0.070429 0.000010 0.000010 0.003825 0.000010 0.000010 0.000010 0.006571 0.013490 0.000010 0.000010 0.003825 0.000010 0.008390 0.000010 0.000010 0.000010
0.000010 0.866740 0.042206 0.000010 0.013949 0.000010 0.000010 0.000010 0.000010 0.032524 0.022687 0.000010 0.021764 0.000010 0.000010 0.000010 0.000010 0.000010 0.000010
0.000010 0.722437 0.001030 0.000010 0.006282 0.000010 0.000010 0.173098 0.000010 0.000010 0.030148 0.040590 0.000010 0.001421 0.024882 0.000010 0.000010 0.000010 0.000010
0.000010 0.769643 0.000010 0.000010 0.000010 0.000010 0.000010 0.103713 0.002678 0.000010 0.055768 0.039103 0.000010 0.000010 0.003168 0.000010 0.005777 0.000010 0.020039
0.000010 0.699038 0.009577 0.000010 0.006329 0.000010 0.000010 0.192074 0.002985 0.000010 0.000010 0.000010 0.049616 0.003130 0.000010 0.000010 0.000010 0.018954 0.018197
0.000010 0.856133 0.010772 0.011747 0.008694 0.000010 0.000712 0.019273 0.000010 0.000010 0.038819 0.012677 0.000010 0.007678 0.023542 0.008885 0.000010 0.000010 0.000998
0.000010 0.684154 0.017138 0.009850 0.010513 0.000010 0.000010 0.192462 0.000012 0.002438 0.000010 0.000010 0.043412 0.000010 0.008902 0.011793 0.003703 0.000010 0.015552
0.000010 0.837357 0.033430 0.000010 0.000010 0.000010 0.000010 0.010206 0.000010 0.056685 0.023131 0.000010 0.000010 0.000010 0.003214 0.009104 0.000010 0.000010 0.026763
0.000010 0.798113 0.060235 0.000010 0.000010 0.000010 0.000010 0.095948 0.000010 0.003366 0.000010 0.000839 0.023892 0.013108 0.004389 0.000010 0.000010 0.000010 0.000010
0.000010 0.827375 0.009181 0.000010 0.009888 0.000010 0.000010 0.057382 0.000010 0.023695 0.000347 0.019541 0.001006 0.000010 0.013461 0.000010 0.004371 0.000010 0.033672
0.000010 0.836011 0.003360 0.000010 0.000010 0.000010 0.000010 0.028825 0.016001 0.030178 0.034385 0.022926 0.000010 0.004144 0.003857 0.006257 0.000010 0.000010 0.013976
0.000010 0.852618 0.000010 0.009727 0.000010 0.000010 0.000010 0.000010 0.004331 0.064778 0.019017 0.000010 0.000010 0.006906 0.001546 0.017661 0.002916 0.000010 0.020410
0.000010 0.909625 0.018379 0.000010 0.008491 0.000010 0.000010 0.000010 0.014262 0.033283 0.003254 0.002309 0.000010 0.000010 0.000010 0.000010 0.008967 0.000010 0.001330
0.000010 0.883996 0.032957 0.000010 0.005100 0.000010 0.000010 0.000010 0.002208 0.036912 0.013859 0.000010 0.009749 0.003046 0.011204 0.000010 0.000010 0.000010 0.000880
0.008591 0.900656 0.045908 0.000010 0.009325 0.000010 0.000010 0.000010 0.000010 0.000010 0.032350 0.003039 0.000010 0.000010 0.000010 0.000010 0.000010 0.000010 0.000010
0.000010 0.798755 0.025153 0.000010 0.005923 0.000010 0.000010 0.050080 0.000010 0.028711 0.002057 0.000010 0.050875 0.003275 0.001560 0.000010 0.000010 0.030171 0.003360
0.000010 0.859116 0.049661 0.000010 0.016766 0.000010 0.000010 0.000010 0.000010 0.036916 0.029286 0.000010 0.000010 0.000010 0.000010 0.000011 0.000010 0.000010 0.008125
0.000010 0.905655 0.016504 0.000010 0.000010 0.000010 0.000010 0.000010 0.000010 0.047933 0.000010 0.000010 0.000010 0.003304 0.026464 0.000010 0.000010 0.000010 0.000010
0.002797 0.743335 0.032174 0.000010 0.000010 0.009768 0.000010 0.135133 0.000010 0.013561 0.000010 0.024444 0.013323 0.000010 0.002193 0.003414 0.002908 0.000010 0.016880
0.000010 0.772218 0.038584 0.000010 0.003527 0.000010 0.000010 0.063459 0.000010 0.000010 0.051428 0.000010 0.016702 0.000010 0.000010 0.000010 0.000010 0.023895 0.030078
0.000010 0.793820 0.010026 0.000010 0.000010 0.000010 0.000010 0.070298 0.000010 0.000010 0.000010 0.030369 0.071336 0.000396 0.012400 0.001285 0.000010 0.009971 0.000010
0.000010 0.795451 0.030160 0.001529 0.000010 0.000010 0.000010 0.125667 0.001923 0.019092 0.003447 0.000010 0.008205 0.000010 0.000010 0.000010 0.010291 0.004146 0.000010
0.000010 0.707644 0.018931 0.000010 0.000010 0.000010 0.006259 0.182523 0.001233 0.000010 0.049560 0.000010 0.000010 0.001334 0.000010 0.010964 0.000010 0.000010 0.021451
0.001685 0.722501 0.040837 0.000010 0.013734 0.000010 0.000010 0.129123 0.000010 0.039983 0.002779 0.000010 0.008437 0.000010 0.009524 0.000010 0.007933 0.000010 0.023383
0.000010 0.844826 0.044754 0.000010 0.000010 0.000010 0.000010 0.024285 0.000010 0.014976 0.020959 0.000010 0.000010 0.007713 0.000010 0.000010 0.000010 0.002345 0.040032
0.000010 0.776821 0.034585 0.000010 0.000010 0.000010 0.000010 0.066047 0.000010 0.044138 0.040773 0.000010 0.000010 0.007972 0.003335 0.000010 0.008641 0.000010 0.017588
0.000010 0.813877 0.012390 0.000010 0.001580 0.000010 0.000010 0.062277 0.000010 0.003171 0.030077 0.019490 0.046601 0.000010 0.000237 0.007221 0.002997 0.000010 0.000010
0.004956 0.832950 0.040045 0.000256 0.000010 0.006258 0.000010 0.047846 0.000010 0.024741 0.007446 0.000010 0.000010 0.006017 0.000010 0.013757 0.000010 0.000010 0.015649
0.000010 0.777590 0.039947 0.000010 0.000010 0.000010 0.000010 0.059146 0.000010 0.036744 0.049963 0.000010 0.018708 0.001409 0.011847 0.000010 0.003561 0.000993 0.000010
0.002580 0.826594 0.017728 0.000010 0.000010 0.000010 0.000010 0.070759 0.010959 0.000010 0.039041 0.000010 0.000010 0.010563 0.012190 0.003418 0.000010 0.006080 0.000010
0.000010 0.862194 0.028454 0.018587 0.023735 0.000010 0.000010 0.000010 0.001577 0.000010 0.047805 0.000010 0.004356 0.000010 0.008120 0.000010 0.005072 0.000010 0.000010
0.000010 0.901516 0.044849 0.000010 0.000010 0.000010 0.000010 0.000010 0.000010 0.011519 0.034408 0.000010 0.000010 0.000010 0.000010 0.007568 0.000010 0.000010 0.000010
0.000010 0.894096 0.040290 0.000010 0.000010 0.000010 0.000010 0.000010 0.000010 0.000010 0.030162 0.006594 0.000010 0.003749 0.019340 0.001273 0.004386 0.000010 0.000010
0.000010 0.822246 0.047782 0.000010 0.000010 0.000010 0.000010 0.055160 0.000010 0.000010 0.007349 0.011448 0.027070 0.002776 0.000010 0.000010 0.026059 0.000010 0.000010
0.008264 0.839778 0.034106 0.000010 0.000010 0.000010 0.000010 0.000010 0.000019 0.044031 0.063759 0.000010 0.000010 0.000010 0.000010 0.000010 0.009923 0.000010 0.000010
0.000010 0.803272 0.020289 0.000010 0.003095 0.000010 0.000010 0.090448 0.000010 0.062298 0.003100 0.000010 0.000010 0.000010 0.008066 0.003453 0.002551 0.000010 0.003338
0.002384 0.738201 0.006939 0.000010 0.008968 0.000010 0.000010 0.136566 0.010760 0.005727 0.032991 0.000010 0.032229 0.000010 0.013494 0.008313 0.003357 0.000010 0.000010
0.000412 0.744853 0.049361 0.000010 0.000010 0.000010 0.000010 0.114489 0.000010 0.065274 0.000010 0.000010 0.000010 0.002908 0.000010 0.000010 0.000010 0.000010 0.022582
0.000010 0.777169 0.031121 0.002864 0.000010 0.000010 0.000010 0.095124 0.000010 0.021388 0.030253 0.000010 0.018854 0.000127 0.017659 0.000010 0.000010 0.000010 0.005350
0.013476 0.739552 0.029434 0.000010 0.000010 0.000010 0.000010 0.069586 0.000010 0.025647 0.063209 0.000010 0.011848 0.007813 0.011303 0.011080 0.000010 0.000010 0.016973
0.000010 0.754933 0.023805 0.000010 0.000010 0.000010 0.000010 0.159354 0.000010 0.012976 0.007310 0.000010 0.009745 0.005487 0.000010 0.006385 0.013025 0.000010 0.006891
0.000010 0.794006 0.015570 0.000010 0.000010 0.000010 0.000010 0.096562 0.012357 0.000404 0.055883 0.001475 0.000010 0.007478 0.006213 0.000010 0.006807 0.003166 0.000010
0.000010 0.820621 0.018556 0.003475 0.001611 0.000010 0.000010 0.045590 0.000010 0.026397 0.032744 0.029286 0.008685 0.000010 0.000010 0.012945 0.000010 0.000010 0.000010
0.000010 0.766480 0.000010 0.000010 0.004769 0.000010 0.000010 0.136925 0.015272 0.018919 0.024435 0.000010 0.014845 0.000010 0.015377 0.002878 0.000010 0.000010 0.000010
0.000010 0.866592 0.020460 0.006488 0.000010 0.000010 0.000010 0.062349 0.009611 0.000010 0.012643 0.000010 0.015923 0.000010 0.005079 0.000755 0.000010 0.000010 0.000010
0.000010 0.809899 0.035249 0.000010 0.002212 0.000010 0.000010 0.046983 0.000010 0.012512 0.059518 0.000010 0.004542 0.004895 0.003369 0.000010 0.000010 0.008467 0.012275
0.000010 0.629627 0.018710 0.000921 0.000010 0.000010 0.002934 0.142980 0.000010 0.041892 0.065038 0.000010 0.028001 0.015559 0.000010 0.000010 0.010335 0.000010 0.043923
0.000010 0.846317 0.028031 0.000010 0.000010 0.000010 0.000010 0.018459 0.000020 0.024731 0.036697 0.000010 0.000010 0.015730 0.003191 0.000010 0.000010 0.026723 0.000010
0.000010 0.865875 0.013048 0.000010 0.007992 0.000010 0.000010 0.018211 0.017765 0.056070 0.000010 0.000010 0.000010 0.000010 0.007674 0.002702 0.010563 0.000010 0.000010
0.000010 0.638569 0.007980 0.000010 0.009059 0.000010 0.000010 0.238032 0.000010 0.004530 0.025794 0.031645 0.000010 0.003545 0.000010 0.008950 0.008905 0.000010 0.022911
0.000010 0.827912 0.027837 0.000010 0.018442 0.000010 0.000010 0.077255 0.013990 0.018363 0.012323 0.000010 0.000010 0.000010 0.000010 0.003768 0.000010 0.000010 0.000010
0.000010 0.778890 0.016083 0.001944 0.002251 0.000010 0.000010 0.130850 0.008551 0.029296 0.000010 0.000010 0.000010 0.001414 0.013293 0.000010 0.011101 0.000010 0.006247
0.000010 0.840563 0.050263 0.000010 0.010664 0.000010 0.000010 0.050805 0.000010 0.017042 0.012783 0.000010 0.000010 0.000010 0.000677 0.000010 0.000010 0.000010 0.017094
0.000010 0.686936 0.000010 0.000010 0.010891 0.004190 0.000010 0.199340 0.000010 0.033645 0.000010 0.005655 0.046024 0.000010 0.000010 0.000010 0.003747 0.000010 0.009473
0.000010 0.830281 0.009706 0.000010 0.000010 0.000010 0.000010 0.023367 0.005895 0.041836 0.044130 0.000010 0.003807 0.006178 0.000010 0.016535 0.000010 0.018177 0.000010
0.000010 0.808640 0.043169 0.000010 0.012669 0.000010 0.000010 0.067979 0.000010 0.050309 0.000010 0.000010 0.000010 0.000010 0.003207 0.000010 0.000010 0.013865 0.000051
0.000010 0.763118 0.037860 0.000010 0.000010 0.000010 0.000010 0.135241 0.000010 0.000010 0.030442 0.000010 0.000010 0.000010 0.003722 0.000010 0.000010 0.000010 0.029486
0.000010 0.793737 0.059213 0.000010 0.005524 0.000010 0.003084 0.048943 0.000010 0.028440 0.004796 0.000010 0.051975 0.000010 0.004189 0.000010 0.000010 0.000010 0.000010
0.000010 0.830606 0.000010 0.000010 0.000010 0.000010 0.000010 0.069383 0.019238 0.004476 0.039673 0.000010 0.008058 0.010313 0.000010 0.000010 0.018143 0.000010 0.000010
0.000010 0.916980 0.007041 0.004032 0.000010 0.000010 0.000010 0.000010 0.000010 0.000010 0.026233 0.028224 0.000010 0.000010 0.000010 0.000010 0.017360 0.000010 0.000010
0.000010 0.737392 0.010284 0.000010 0.002094 0.000015 0.000010 0.126770 0.005508 0.013382 0.000010 0.019309 0.062637 0.009552 0.010904 0.002082 0.000010 0.000010 0.000010
0.009040 0.769742 0.033153 0.000010 0.000010 0.000010 0.001534 0.109680 0.000010 0.009956 0.032575 0.000010 0.008415 0.000010 0.000010 0.002215 0.007224 0.003044 0.013353
0.004172 0.892735 0.031026 0.010891 0.015849 0.000010 0.000010 0.000010 0.010378 0.000010 0.011931 0.000010 0.022907 0.000010 0.000010 0.000010 0.000010 0.000010 0.000010
0.002727 0.807583 0.030216 0.000010 0.000010 0.000010 0.000010 0.079052 0.000010 0.051210 0.000010 0.000010 0.000010 0.005462 0.006180 0.000010 0.000183 0.004370 0.012927
0.000010 0.844623 0.014078 0.000010 0.011620 0.000010 0.002464 0.011162 0.000010 0.000010 0.056418 0.000010 0.031840 0.000010 0.000010 0.010806 0.000010 0.016888 0.000010
0.000010 0.876971 0.003991 0.008502 0.002988 0.000010 0.000010 0.000010 0.014640 0.000010 0.048524 0.010886 0.000010 0.000010 0.028526 0.000010 0.000899 0.000010 0.003984
0.000489 0.788299 0.040984 0.000010 0.007747 0.000010 0.000010 0.062133 0.000010 0.043110 0.003775 0.002775 0.017388 0.000010 0.013899 0.000010 0.000010 0.000010 0.019321
0.000010 0.787767 0.045169 0.000010 0.003072 0.000010 0.000010 0.077374 0.000010 0.007068 0.050650 0.023092 0.000010 0.000010 0.000010 0.000010 0.005697 0.000010 0.000010
0.000010 0.916995 0.035774 0.000010 0.020641 0.000010 0.000010 0.000010 0.000010 0.000010 0.008675 0.000010 0.000010 0.000010 0.000010 0.000010 0.017776 0.000010 0.000010
0.000010 0.827718 0.050029 0.000010 0.000010 0.000010 0.000010 0.036008 0.000010 0.021936 0.021102 0.000010 0.000010 0.000010 0.007354 0.007913 0.009070 0.000010 0.018770
0.000010 0.758857 0.025027 0.000010 0.000010 0.000010 0.000010 0.060166 0.000010 0.075204 0.001903 0.013677 0.041333 0.001758 0.010651 0.000010 0.000010 0.000010 0.011334
0.000010 0.793311 0.026643 0.000010 0.000010 0.000010 0.000010 0.106999 0.020145 0.042485 0.000010 0.000010 0.000010 0.003330 0.006967 0.000010 0.000010 0.000010 0.000010
0.000010 0.861395 0.053721 0.006516 0.005847 0.000010 0.000010 0.000010 0.000010 0.000010 0.060462 0.000010 0.000010 0.000010 0.003118 0.000010 0.008076 0.000010 0.000755
0.000010 0.845075 0.059762 0.000996 0.009067 0.000010 0.000010 0.060847 0.000010 0.000010 0.014690 0.000010 0.000010 0.000010 0.000010 0.000010 0.009444 0.000010 0.000010
0.000010 0.721044 0.022281 0.000010 0.019048 0.000010 0.000010 0.128247 0.012873 0.019825 0.037638 0.000010 0.028775 0.008250 0.000010 0.000010 0.001928 0.000010 0.000010
0.000010 0.745974 0.034851 0.000010 0.005988 0.000010 0.000010 0.000010 0.000010 0.000010 0.066821 0.069817 0.000010 0.000010 0.020342 0.031091 0.000010 0.025006 0.000010
0.006179 0.822163 0.031674 0.003944 0.000010 0.000010 0.000010 0.059577 0.003932 0.000010 0.035836 0.022502 0.000010 0.008234 0.000010 0.005870 0.000010 0.000010 0.000010
0.000010 0.838051 0.000010 0.000010 0.005422 0.000010 0.000010 0.047250 0.002975 0.000010 0.017963 0.000010 0.021303 0.002741 0.000010 0.011469 0.000010 0.022152 0.030584
0.000010 0.699016 0.007819 0.000010 0.003605 0.000010 0.000010 0.148518 0.000096 0.000010 0.065488 0.000010 0.042882 0.000010 0.001110 0.000010 0.010416 0.020648 0.000322
0.016583 0.857526 0.019471 0.000010 0.000010 0.000010 0.000010 0.057051 0.000010 0.038463 0.000010 0.000010 0.000010 0.002899 0.000295 0.000010 0.000010 0.007602 0.000010
0.000010 0.859139 0.051595 0.000010 0.019581 0.000010 0.000117 0.019371 0.000010 0.000010 0.035092 0.000010 0.000010 0.000015 0.007592 0.007399 0.000010 0.000010 0.000010
0.000010 0.907508 0.024540 0.000010 0.012444 0.000010 0.007873 0.000010 0.004428 0.000675 0.036903 0.001820 0.000010 0.003710 0.000010 0.000010 0.000010 0.000010 0.000010
0.021795 0.779402 0.006440 0.000010 0.004582 0.004409 0.000010 0.111908 0.013317 0.000431 0.008166 0.000010 0.000010 0.000010 0.011257 0.006409 0.000010 0.000010 0.031814
0.000010 0.000010 0.003232 0.000010 0.000116 0.000010 0.000010 0.000010 0.114433 0.000010 0.000010 0.524681 0.000010 0.001783 0.000010 0.000010 0.000010 0.355625 0.000010
0.000010 0.000010 0.000010 0.000010 0.005129 0.000010 0.000010 0.000010 0.029393 0.000010 0.000010 0.642566 0.000010 0.000010 0.009055 0.003944 0.000010 0.309783 0.000010
0.000010 0.000010 0.000012 0.000010 0.001608 0.000010 0.000010 0.000010 0.000010 0.000010 0.000010 0.662687 0.000010 0.001495 0.000010 0.000010 0.004383 0.329685 0.000010
0.000010 0.000010 0.000010 0.000010 0.000010 0.000010 0.000010 0.000010 0.045603 0.000010 0.000010 0.549789 0.000010 0.003919 0.000010 0.000010 0.000010 0.400538 0.000010
0.000010 0.000010 0.000010 0.000010 0.002979 0.000010 0.000010 0.000010 0.035125 0.000010 0.000010 0.613651 0.000010 0.009735 0.000010 0.000010 0.013424 0.324956 0.000010
0.000010 0.000010 0.035812 0.000010 0.009427 0.000010 0.000010 0.000010 0.030685 0.000010 0.000010 0.552485 0.000010 0.000014 0.000010 0.000010 0.000010 0.371448 0.000010
0.000010 0.000010 0.000010 0.000010 0.001991 0.000010 0.000010 0.000010 0.031494 0.000010 0.000010 0.607026 0.000010 0.000010 0.000010 0.000010 0.000010 0.359339 0.000010
0.009648 0.000010 0.004991 0.000010 0.004173 0.000010 0.000010 0.000010 0.045437 0.000010 0.000010 0.633961 0.000010 0.000010 0.000010 0.000010 0.000010 0.301660 0.000010
0.000010 0.000010 0.000010 0.000010 0.000010 0.000010 0.000010 0.000010 0.067966 0.000010 0.000010 0.542186 0.000010 0.000010 0.000010 0.003252 0.000010 0.386446 0.000010
0.000010 0.000010 0.000010 0.000010 0.011291 0.000010 0.000010 0.000010 0.000010 0.000010 0.000010 0.652867 0.000010 0.000010 0.000010 0.000010 0.004002 0.331691 0.000010
0.000010 0.000010 0.007846 0.004296 0.000010 0.000010 0.000010 0.000010 0.052227 0.000010 0.000010 0.542510 0.000010 0.000010 0.003943 0.000010 0.000010 0.389048 0.000010
0.000010 0.000010 0.000010 0.000010 0.006199 0.000010 0.000010 0.000010 0.024156 0.000010 0.000010 0.633360 0.000010 0.000010 0.010205 0.000010 0.000010 0.325940 0.000010
0.000010 0.000010 0.000010 0.000010 0.001243 0.000010 0.000010 0.000010 0.063300 0.000010 0.000010 0.519631 0.000010 0.000015 0.000010 0.000010 0.000010 0.415671 0.000010
0.009325 0.000010 0.000010 0.000010 0.000010 0.000010 0.000010 0.000010 0.073711 0.000010 0.000010 0.567641 0.000010 0.000010 0.001695 0.007342 0.000010 0.340156 0.000010
0.000010 0.000010 0.000010 0.000010 0.018416 0.000010 0.000010 0.000010 0.106403 0.000010 0.000010 0.547052 0.000010 0.000010 0.000010 0.000010 0.000010 0.327979 0.000010
0.000010 0.000010 0.000010 0.000010 0.000014 0.000010 0.000010 0.000010 0.033764 0.000010 0.000010 0.650393 0.000010 0.000010 0.000010 0.008058 0.000010 0.307631 0.000010
0.000010 0.000010 0.014925 0.000010 0.000010 0.000010 0.000010 0.000010 0.000010 0.000010 0.000010 0.603378 0.000010 0.005026 0.000010 0.000010 0.010403 0.366128 0.000010
0.000010 0.000010 0.000010 0.000010 0.000800 0.000010 0.000010 0.000010 0.062527 0.000010 0.000010 0.565150 0.000010 0.006285 0.000010 0.000010 0.000010 0.365098 0.000010
0.000010 0.000010 0.000010 0.000010 0.000010 0.000010 0.000010 0.000010 0.045203 0.000010 0.000010 0.658897 0.000010 0.004286 0.001617 0.000010 0.000010 0.289857 0.000010
0.000010 0.000010 0.002751 0.000010 0.001414 0.000010 0.000010 0.000010 0.034293 0.000010 0.000010 0.602132 0.000010 0.006145 0.000010 0.000010 0.003637 0.349509 0.000010
0.000010 0.000010 0.003745 0.000010 0.000010 0.000010 0.000010 0.000010 0.060966 0.000010 0.000010 0.542061 0.000010 0.000010 0.000010 0.003909 0.000010 0.389179 0.000010
