0.042249 0.000010 0.064716 0.022056 0.000010 0.000010 0.000010 0.034560 0.000010 0.836348 0.000010 0.000010
0.045070 0.004979 0.096348 0.000010 0.000010 0.000010 0.000010 0.046383 0.000010 0.807150 0.000010 0.000010
0.000010 0.003595 0.016663 0.000330 0.297628 0.194512 0.000010 0.000010 0.000010 0.000010 0.474475 0.012747
0.000010 0.000010 0.012602 0.000010 0.277964 0.212049 0.000010 0.000010 0.000010 0.014694 0.480467 0.002165
0.963898 0.000010 0.013211 0.000010 0.000010 0.000010 0.000010 0.014503 0.000010 0.000468 0.000010 0.007850
0.000010 0.008749 0.016956 0.000010 0.000010 0.000010 0.749610 0.000010 0.165444 0.012105 0.043403 0.003683
0.000010 0.001962 0.011645 0.000010 0.660845 0.079850 0.000010 0.000010 0.007347 0.003427 0.222085 0.012799
0.448825 0.000010 0.000010 0.000010 0.000010 0.000010 0.000010 0.489415 0.000010 0.000010 0.000010 0.061670
0.000010 0.000010 0.000010 0.000010 0.000010 0.000010 0.000010 0.000010 0.999890 0.000010 0.000010 0.000010
0.000010 0.000010 0.000010 0.000010 0.000010 0.000010 0.948515 0.000010 0.027984 0.000010 0.020830 0.002590
0.000010 0.000010 0.000010 0.000010 0.000010 0.000010 0.032011 0.000010 0.967889 0.000010 0.000010 0.000010
0.000010 0.162567 0.000010 0.837333 0.000010 0.000010 0.000010 0.000010 0.000010 0.000010 0.000010 0.000010
0.000010 0.000010 0.000010 0.000010 0.000010 0.000010 0.000010 0.000010 0.000010 0.999890 0.000010 0.000010
0.000010 0.000010 0.000010 0.000010 0.432595 0.000010 0.000010 0.000010 0.000010 0.010718 0.556597 0.000010
0.000010 0.000010 0.000010 0.000010 0.000010 0.000010 0.987392 0.000010 0.012508 0.000010 0.000010 0.000010
0.005437 0.001132 0.004545 0.000010 0.683245 0.074851 0.000010 0.000010 0.007618 0.007575 0.215557 0.000010
0.000010 0.000010 0.033785 0.000010 0.685576 0.028402 0.000010 0.000010 0.000010 0.011206 0.229921 0.011050
0.000010 0.017635 0.013880 0.000010 0.719835 0.071341 0.000010 0.000010 0.000010 0.000010 0.165704 0.011546
0.000010 0.004068 0.000010 0.008471 0.697948 0.049403 0.000010 0.000010 0.000010 0.003944 0.236106 0.000010
0.000010 0.000010 0.000010 0.013156 0.683306 0.072741 0.000010 0.000010 0.005981 0.010146 0.214609 0.000010
0.000010 0.000010 0.047683 0.009211 0.728922 0.070516 0.000010 0.000010 0.000010 0.000010 0.143598 0.000010
0.000010 0.000010 0.000010 0.000010 0.688800 0.095840 0.000010 0.004340 0.000010 0.010834 0.198985 0.001141
0.000010 0.000010 0.000010 0.011576 0.665193 0.096499 0.000010 0.000010 0.006532 0.000010 0.220129 0.000010
0.001280 0.011646 0.021867 0.000010 0.698441 0.055755 0.006236 0.000010 0.000010 0.000010 0.204725 0.000010
0.000010 0.010667 0.005421 0.000010 0.699661 0.091496 0.000010 0.000010 0.000010 0.000010 0.192685 0.000010
0.000339 0.000010 0.000010 0.001971 0.727959 0.074440 0.000010 0.000010 0.005134 0.000010 0.190096 0.000010
0.000010 0.015966 0.000010 0.000010 0.682761 0.096914 0.000010 0.000010 0.000010 0.000010 0.197815 0.006474
0.000010 0.009117 0.000010 0.000010 0.719359 0.035510 0.000010 0.008337 0.000041 0.000010 0.227578 0.000010
0.000010 0.000010 0.010782 0.000010 0.708402 0.064542 0.000010 0.000010 0.000010 0.000010 0.204661 0.011544
0.000010 0.004461 0.010110 0.003106 0.718103 0.088438 0.000010 0.000010 0.000160 0.001993 0.171503 0.002096
0.000010 0.000010 0.000010 0.012102 0.656374 0.096113 0.000010 0.000010 0.000010 0.000010 0.235331 0.000010
0.003388 0.002560 0.000010 0.000010 0.673831 0.087989 0.000010 0.000010 0.000010 0.000113 0.232059 0.000010
0.000010 0.003939 0.000010 0.000010 0.703027 0.070614 0.000010 0.000010 0.000010 0.000010 0.210333 0.012017
0.000010 0.006269 0.000010 0.000010 0.679534 0.096419 0.000010 0.000010 0.000010 0.009781 0.207927 0.000010
0.000010 0.013183 0.000010 0.000010 0.714267 0.063025 0.000010 0.009338 0.000010 0.000010 0.200117 0.000010
0.000010 0.000010 0.004594 0.000010 0.723706 0.064106 0.000010 0.000010 0.010406 0.008566 0.188562 0.000010
0.000010 0.020727 0.021068 0.000010 0.696785 0.038460 0.000010 0.009362 0.000010 0.000010 0.213538 0.000010
0.000048 0.004898 0.000010 0.004288 0.725435 0.060738 0.000010 0.000010 0.004030 0.000010 0.200513 0.000010
0.000010 0.000010 0.000010 0.000010 0.761507 0.038942 0.000010 0.017014 0.001604 0.000010 0.180863 0.000010
0.000010 0.000010 0.000010 0.002747 0.729959 0.073237 0.001247 0.000010 0.000010 0.000010 0.192740 0.000010
0.000010 0.010529 0.000010 0.003908 0.723973 0.042717 0.000010 0.000010 0.000010 0.000114 0.217187 0.001522
0.000010 0.000010 0.000010 0.012823 0.692004 0.071136 0.000010 0.000010 0.013938 0.000010 0.210029 0.000010
0.000010 0.006466 0.000010 0.000010 0.712325 0.105562 0.013151 0.001416 0.000010 0.009794 0.140220 0.011026
0.000010 0.003472 0.020148 0.004532 0.697735 0.047051 0.000010 0.000010 0.000010 0.008829 0.218183 0.000010
0.001611 0.000010 0.007373 0.000010 0.667001 0.063619 0.000010 0.002964 0.005569 0.004380 0.242786 0.004668
0.000795 0.000010 0.009754 0.000010 0.676462 0.081294 0.000010 0.000010 0.000010 0.004298 0.227338 0.000010
0.000010 0.000010 0.000010 0.000010 0.707568 0.084849 0.000010 0.000010 0.000010 0.000010 0.196764 0.010739
0.000010 0.000010 0.004182 0.000010 0.678062 0.067838 0.000010 0.000010 0.000010 0.000579 0.237758 0.011521
0.000010 0.010902 0.017138 0.000010 0.657950 0.089397 0.000010 0.000010 0.003215 0.000510 0.220838 0.000010
0.000010 0.000010 0.014508 0.000010 0.682676 0.049337 0.000010 0.000010 0.000010 0.000010 0.253398 0.000010
0.000010 0.000010 0.003744 0.000010 0.685276 0.057205 0.000010 0.000010 0.010843 0.009307 0.233566 0.000010
0.000010 0.007768 0.000922 0.007826 0.700770 0.104346 0.000010 0.000010 0.008574 0.003987 0.165767 0.000010
0.000010 0.005353 0.000010 0.001119 0.703456 0.061220 0.000010 0.000010 0.009300 0.000010 0.219492 0.000010
0.000010 0.000010 0.003618 0.001517 0.700015 0.073113 0.000010 0.012484 0.000010 0.000855 0.208348 0.000010
0.000010 0.000010 0.009017 0.000010 0.692206 0.050292 0.000010 0.000010 0.000010 0.000010 0.245302 0.003113
0.000010 0.007412 0.000010 0.006729 0.722948 0.047583 0.000010 0.009810 0.000010 0.007289 0.198180 0.000010
0.000010 0.002573 0.000010 0.001748 0.677059 0.074366 0.008065 0.005756 0.000298 0.000010 0.230094 0.000010
0.000010 0.000010 0.007770 0.012720 0.722201 0.017911 0.000010 0.000010 0.000010 0.009312 0.230027 0.000010
0.000010 0.000010 0.000011 0.000010 0.699121 0.094506 0.000010 0.000010 0.000010 0.003009 0.203284 0.000010
0.000010 0.000010 0.002470 0.003521 0.713043 0.050905 0.000010 0.000010 0.013349 0.006255 0.210407 0.000010
0.000010 0.000010 0.027439 0.005093 0.697642 0.011112 0.000010 0.000010 0.000010 0.000010 0.258645 0.000010
0.000010 0.011542 0.002013 0.001081 0.664177 0.098349 0.001181 0.000010 0.001237 0.006146 0.214243 0.000010
0.000010 0.004686 0.000010 0.000010 0.679781 0.062623 0.000010 0.000010 0.000010 0.013617 0.239223 0.000010
0.000010 0.000010 0.000010 0.001359 0.708189 0.066800 0.000010 0.004909 0.005032 0.000010 0.213652 0.000010
0.017631 0.000010 0.000010 0.000010 0.727915 0.036253 0.000010 0.003773 0.000010 0.004597 0.209771 0.000010
0.009601 0.011234 0.032162 0.000010 0.656809 0.063445 0.000010 0.000010 0.001657 0.005820 0.219233 0.000010
0.000010 0.002214 0.000010 0.000010 0.707722 0.072216 0.000010 0.000010 0.000010 0.017899 0.197117 0.002773
0.001705 0.000010 0.009811 0.001396 0.677869 0.083034 0.000010 0.002637 0.000010 0.000574 0.222933 0.000010
0.000010 0.012482 0.000010 0.000010 0.692244 0.056096 0.000010 0.000010 0.000010 0.000010 0.239097 0.000010
0.000010 0.014192 0.000010 0.001615 0.690198 0.045824 0.000010 0.000010 0.000010 0.011259 0.234701 0.002160
0.016140 0.019263 0.011817 0.000010 0.688622 0.036606 0.000010 0.000506 0.000010 0.000010 0.226996 0.000010
0.000010 0.000010 0.000010 0.011908 0.694254 0.084025 0.000010 0.000010 0.000010 0.013122 0.196622 0.000010
0.000010 0.000470 0.000377 0.011431 0.677779 0.066794 0.000010 0.011040 0.000010 0.009330 0.208247 0.014499
0.005681 0.000010 0.000010 0.000010 0.676350 0.081358 0.000010 0.000010 0.000010 0.009803 0.226738 0.000010
0.000010 0.000010 0.008026 0.006442 0.681801 0.081272 0.000010 0.000010 0.000010 0.007024 0.215376 0.000010
0.000010 0.000010 0.000010 0.000010 0.814217 0.078402 0.000010 0.000010 0.000010 0.000010 0.000010 0.107290
0.008223 0.000010 0.000010 0.002308 0.824875 0.052858 0.000010 0.000010 0.000010 0.000010 0.019121 0.092554
0.000010 0.010219 0.000010 0.000132 0.799587 0.086836 0.000010 0.002964 0.000010 0.007340 0.041722 0.051161
0.000010 0.000010 0.000010 0.000010 0.824009 0.042730 0.000010 0.000010 0.012951 0.000010 0.012379 0.107860
0.000010 0.006645 0.000010 0.000010 0.795741 0.090416 0.010175 0.000010 0.000010 0.000010 0.000377 0.096586
0.000010 0.003998 0.006135 0.000010 0.815391 0.071858 0.005653 0.000010 0.000010 0.009769 0.006077 0.081078
0.000010 0.003126 0.000010 0.000010 0.806343 0.068748 0.000010 0.000010 0.000010 0.000010 0.028224 0.093489
0.000010 0.000010 0.000010 0.000010 0.796772 0.075127 0.000010 0.000010 0.000010 0.000010 0.015814 0.112207
0.000010 0.000010 0.000010 0.000010 0.649545 0.108208 0.004799 0.000010 0.006505 0.000010 0.155491 0.075392
0.000010 0.000010 0.000010 0.015408 0.781835 0.098647 0.000010 0.000010 0.002714 0.000010 0.000010 0.101326
0.000010 0.009873 0.000010 0.000010 0.789328 0.096880 0.000010 0.000010 0.001650 0.005044 0.000010 0.097166
0.000010 0.000010 0.000010 0.000010 0.794584 0.095310 0.000010 0.000010 0.013526 0.000010 0.000010 0.096500
0.000010 0.000010 0.000010 0.005602 0.791921 0.061531 0.005194 0.000010 0.000010 0.009775 0.022322 0.103607
0.000010 0.007291 0.000010 0.000010 0.783788 0.070893 0.000010 0.000010 0.000010 0.000010 0.015730 0.122228
0.000010 0.000010 0.000010 0.000010 0.832149 0.063179 0.007615 0.000010 0.000010 0.002819 0.013694 0.080484
0.000010 0.008980 0.000010 0.000010 0.785439 0.046842 0.001661 0.011294 0.000010 0.008136 0.042474 0.095134
0.000010 0.000010 0.000010 0.000010 0.766230 0.094046 0.010599 0.000010 0.000010 0.000010 0.052848 0.076207
0.000010 0.000496 0.000010 0.026333 0.662047 0.093312 0.000010 0.000102 0.000010 0.000010 0.217649 0.000010
0.000010 0.001534 0.009529 0.001794 0.661627 0.097953 0.000010 0.000010 0.000010 0.009355 0.218158 0.000010
0.000010 0.004504 0.000010 0.000010 0.682507 0.065771 0.000010 0.000010 0.010425 0.000010 0.236723 0.000010
0.000010 0.003215 0.022053 0.000010 0.675814 0.076643 0.000010 0.000010 0.000010 0.010785 0.211430 0.000010
0.000010 0.000010 0.009594 0.002145 0.656291 0.088804 0.000010 0.010186 0.001567 0.000010 0.231362 0.000010
0.000010 0.000010 0.000010 0.000010 0.683384 0.062840 0.000010 0.000010 0.014820 0.000010 0.233215 0.005672
0.000010 0.003592 0.000010 0.011698 0.677165 0.079054 0.000010 0.000010 0.000010 0.001952 0.226478 0.000010
0.000010 0.012609 0.020518 0.000010 0.649322 0.073757 0.000010 0.000010 0.000010 0.001681 0.242052 0.000010
0.000010 0.001555 0.000010 0.000010 0.709636 0.046505 0.014819 0.008626 0.003568 0.004371 0.210879 0.000010
0.000010 0.000605 0.000010 0.003853 0.711707 0.078699 0.000010 0.000010 0.000010 0.000010 0.205066 0.000010
0.000010 0.000010 0.008401 0.015657 0.653063 0.086620 0.000010 0.000010 0.000010 0.007374 0.228824 0.000010
0.002203 0.019893 0.000010 0.000010 0.671943 0.086680 0.000010 0.000010 0.002152 0.000010 0.217068 0.000010
0.000010 0.010757 0.000010 0.000010 0.636548 0.088842 0.000010 0.000010 0.000010 0.009898 0.253885 0.000010
0.000010 0.004475 0.002236 0.000010 0.677516 0.067363 0.000010 0.000010 0.002618 0.000010 0.241435 0.004308
0.000010 0.000010 0.000010 0.000010 0.688913 0.070941 0.000010 0.000010 0.000010 0.017712 0.213015 0.009350
0.005533 0.002529 0.000010 0.010787 0.714167 0.038406 0.000013 0.007805 0.000010 0.002928 0.213476 0.004335
0.000010 0.000010 0.000010 0.004472 0.629539 0.090680 0.000010 0.005891 0.000010 0.000010 0.269348 0.000010
0.000010 0.014877 0.002017 0.000010 0.656967 0.087337 0.000010 0.000010 0.000010 0.000297 0.230136 0.008319
0.006364 0.006095 0.007539 0.000010 0.681837 0.057829 0.000010 0.000010 0.000453 0.001656 0.238187 0.000010
0.000010 0.004288 0.005482 0.000662 0.688330 0.040987 0.003753 0.000010 0.002754 0.005537 0.248177 0.000010
0.002205 0.000010 0.000010 0.006306 0.666853 0.065884 0.000759 0.000010 0.002814 0.012550 0.242590 0.000010
0.000010 0.000010 0.000010 0.001912 0.693655 0.090179 0.000010 0.000010 0.006831 0.000010 0.207071 0.000292
0.000010 0.000010 0.012425 0.003620 0.732368 0.041468 0.000010 0.000010 0.002540 0.004453 0.203077 0.000010
0.000010 0.009853 0.009178 0.000010 0.667098 0.081474 0.000010 0.000010 0.000010 0.000010 0.232045 0.000292
0.008550 0.000264 0.000010 0.000010 0.709745 0.038932 0.000010 0.000010 0.000010 0.001017 0.241432 0.000010
0.000010 0.002376 0.000010 0.005496 0.699363 0.089695 0.000010 0.000010 0.000010 0.000010 0.202998 0.000010
0.000010 0.000010 0.000010 0.000010 0.699850 0.075476 0.000010 0.000010 0.000010 0.008399 0.200736 0.015469
0.000010 0.004519 0.000010 0.000010 0.682569 0.054569 0.000010 0.000010 0.000010 0.005517 0.245631 0.007135
0.000010 0.006068 0.009056 0.000010 0.656198 0.066125 0.000010 0.000010 0.000010 0.000010 0.262483 0.000010
0.002641 0.000010 0.017392 0.000010 0.690386 0.060372 0.000010 0.000010 0.000010 0.013262 0.215886 0.000010
0.000010 0.000010 0.000010 0.010655 0.704430 0.047935 0.000010 0.000010 0.006125 0.004529 0.226265 0.000010
0.006445 0.000010 0.009733 0.010859 0.737730 0.031089 0.000010 0.000010 0.000010 0.000010 0.200711 0.003383
0.000010 0.007497 0.000010 0.000010 0.785520 0.064479 0.005778 0.000010 0.013777 0.003505 0.031980 0.087425
0.000010 0.005338 0.000010 0.000010 0.816239 0.069637 0.000010 0.000010 0.000010 0.008464 0.000010 0.100252
0.000010 0.000010 0.000010 0.013032 0.824799 0.079821 0.000010 0.000010 0.000010 0.000010 0.007825 0.074453
0.004223 0.005154 0.000010 0.000010 0.828957 0.082623 0.000010 0.000010 0.001286 0.011247 0.000010 0.066459
0.000010 0.000591 0.000010 0.000010 0.816717 0.056952 0.000010 0.000010 0.000010 0.013601 0.041706 0.070372
0.000010 0.005994 0.000010 0.000010 0.804937 0.055320 0.000010 0.000010 0.000010 0.000010 0.000010 0.133668
0.000010 0.000010 0.000010 0.000010 0.781417 0.104038 0.000010 0.000010 0.000010 0.000860 0.000010 0.113605
0.019152 0.000010 0.000109 0.008169 0.806074 0.023980 0.000010 0.000010 0.000010 0.002905 0.067067 0.072504
0.015831 0.000010 0.000010 0.004931 0.791825 0.070200 0.000010 0.000010 0.000010 0.000010 0.047647 0.069505
0.006266 0.000010 0.000010 0.000010 0.786748 0.099673 0.000010 0.000010 0.000010 0.005392 0.051143 0.050718
0.000010 0.013988 0.000010 0.006671 0.803487 0.069788 0.004014 0.000010 0.011198 0.014415 0.000010 0.076400
0.000010 0.008948 0.000010 0.008281 0.785417 0.088419 0.000010 0.000010 0.009956 0.002621 0.038862 0.057455
0.000010 0.010828 0.000010 0.000010 0.795470 0.090943 0.000587 0.000010 0.000010 0.000010 0.014488 0.087624
0.000010 0.000010 0.000010 0.000010 0.827490 0.050586 0.000010 0.000010 0.000010 0.009522 0.000010 0.112322
0.000010 0.000010 0.000010 0.011405 0.801699 0.100462 0.000010 0.000010 0.000010 0.003827 0.000010 0.082538
0.009473 0.004889 0.000010 0.000010 0.800835 0.087095 0.000010 0.002238 0.000010 0.001918 0.005366 0.088146
0.000010 0.015226 0.000010 0.000010 0.815992 0.077536 0.011718 0.000010 0.010661 0.004695 0.002751 0.061381
0.000010 0.000010 0.000010 0.000019 0.835615 0.065339 0.000010 0.000010 0.000010 0.000010 0.000010 0.098947
0.000010 0.000010 0.000010 0.000010 0.800370 0.095176 0.000010 0.000010 0.002475 0.003612 0.000010 0.098297
0.000010 0.000010 0.004119 0.000010 0.816879 0.062757 0.000010 0.000010 0.000010 0.000010 0.000010 0.116165
0.011869 0.000010 0.000010 0.000010 0.772962 0.118195 0.000010 0.000010 0.000010 0.005642 0.005377 0.085894
0.000010 0.000010 0.000010 0.000010 0.797230 0.084932 0.000010 0.000010 0.000010 0.004708 0.000010 0.113051
0.000010 0.005210 0.000010 0.000010 0.843763 0.060434 0.001627 0.000010 0.004882 0.000788 0.000010 0.083247
0.000010 0.002800 0.000010 0.000010 0.793810 0.077473 0.010083 0.000010 0.000010 0.000010 0.019619 0.096154
0.009434 0.000013 0.000010 0.000010 0.765782 0.112242 0.000010 0.000010 0.000010 0.000010 0.020714 0.091754
0.012490 0.004112 0.000010 0.001034 0.791899 0.107289 0.000010 0.000010 0.000010 0.000010 0.005091 0.078035
0.000010 0.000010 0.000010 0.003235 0.839100 0.048256 0.000010 0.000010 0.005386 0.000010 0.026417 0.077546
0.000010 0.004966 0.000010 0.000010 0.780401 0.073494 0.005100 0.000010 0.000010 0.000010 0.078462 0.057518
0.000010 0.000010 0.001548 0.010215 0.770991 0.072823 0.007490 0.000010 0.000010 0.005817 0.042530 0.088547
0.000010 0.000010 0.000010 0.000010 0.792315 0.108155 0.000010 0.000010 0.000010 0.001902 0.000010 0.097548
0.000010 0.000010 0.000010 0.004620 0.769654 0.083548 0.008845 0.000010 0.000010 0.003146 0.041612 0.088525
0.000010 0.001585 0.000010 0.000010 0.795779 0.106625 0.000010 0.000010 0.000010 0.000010 0.013786 0.082155
0.000010 0.007769 0.000010 0.000010 0.815758 0.071425 0.003797 0.000010 0.004553 0.000629 0.000010 0.096019
0.000010 0.000010 0.000010 0.003368 0.766117 0.074654 0.000010 0.000010 0.000010 0.000010 0.051480 0.104311
0.000010 0.005975 0.008523 0.000010 0.830169 0.053662 0.000010 0.000010 0.000010 0.006134 0.009117 0.086370
0.000010 0.000010 0.000010 0.003580 0.795938 0.070662 0.000010 0.000010 0.023531 0.014251 0.000010 0.091977
0.000010 0.001866 0.000010 0.000010 0.861723 0.028403 0.002759 0.000010 0.002129 0.000010 0.000010 0.103060
0.000010 0.004371 0.000010 0.013206 0.811081 0.053116 0.000010 0.000010 0.000010 0.000597 0.000010 0.117570
0.000010 0.000010 0.000010 0.015868 0.799403 0.074912 0.000010 0.000010 0.000010 0.000010 0.000010 0.109737
0.000010 0.000010 0.015902 0.000010 0.794468 0.060214 0.000010 0.000010 0.000517 0.000010 0.030104 0.098735
0.000010 0.006847 0.000010 0.000010 0.826516 0.050144 0.011570 0.000010 0.000010 0.000010 0.031907 0.072956
0.000010 0.007554 0.000010 0.010103 0.779303 0.082580 0.000404 0.000010 0.000010 0.000010 0.062640 0.057366
0.000010 0.000010 0.006055 0.000010 0.794953 0.072209 0.000010 0.000010 0.000060 0.001451 0.033526 0.091696
0.000010 0.000010 0.000010 0.001298 0.794649 0.082798 0.000010 0.000010 0.002176 0.000010 0.035362 0.083657
0.000010 0.011614 0.002983 0.000010 0.739924 0.109747 0.000010 0.000010 0.000010 0.004130 0.051254 0.080298
0.000010 0.010414 0.000010 0.000472 0.809708 0.064190 0.000010 0.000010 0.000010 0.000010 0.046739 0.068416
0.000010 0.000010 0.000010 0.006880 0.805716 0.053750 0.000010 0.000010 0.000010 0.000010 0.050867 0.082717
0.000010 0.007627 0.000010 0.000010 0.797832 0.058057 0.000010 0.000010 0.008793 0.000010 0.029270 0.098361
0.000010 0.009406 0.000010 0.000819 0.817519 0.064370 0.000010 0.000010 0.000010 0.000010 0.053823 0.054004
0.000010 0.000010 0.000010 0.000010 0.846064 0.076121 0.000010 0.000010 0.004897 0.000010 0.000010 0.072838
0.000010 0.000010 0.000010 0.000010 0.787877 0.093713 0.000010 0.000010 0.000010 0.000823 0.026072 0.091445
0.000010 0.000010 0.000010 0.003915 0.674349 0.132790 0.008455 0.000010 0.002655 0.009210 0.112878 0.055707
0.015752 0.000010 0.000010 0.000010 0.830085 0.034296 0.000010 0.000010 0.000010 0.011655 0.013408 0.094744
0.000010 0.000010 0.000010 0.015605 0.841022 0.046630 0.009996 0.000010 0.000010 0.003252 0.000010 0.083434
0.000010 0.012393 0.000010 0.000010 0.755737 0.053501 0.000010 0.001555 0.000010 0.008747 0.096458 0.071559
0.000010 0.003121 0.000010 0.000010 0.845662 0.041307 0.000010 0.000010 0.000010 0.008350 0.011024 0.090476
0.000010 0.000010 0.000010 0.018321 0.830228 0.051723 0.000010 0.000010 0.002962 0.002803 0.026494 0.067419
0.000010 0.000010 0.000010 0.000010 0.831242 0.057159 0.000010 0.000010 0.000010 0.001871 0.000010 0.109648
0.000010 0.000010 0.000010 0.000010 0.785406 0.085153 0.006230 0.000010 0.000241 0.001101 0.078790 0.043030
0.003571 0.015430 0.000010 0.000010 0.803645 0.076604 0.000010 0.000010 0.005997 0.002485 0.022514 0.069714
0.007186 0.000010 0.000010 0.000010 0.811174 0.058818 0.000010 0.000010 0.000010 0.001529 0.013624 0.107609
0.000010 0.000010 0.000010 0.000010 0.808446 0.075719 0.000010 0.000010 0.000010 0.000010 0.035011 0.080744
0.000010 0.000010 0.000010 0.000010 0.779734 0.089002 0.005253 0.000010 0.000010 0.000010 0.011212 0.114729
0.000010 0.001599 0.000010 0.004027 0.823376 0.072256 0.000010 0.000010 0.000010 0.004477 0.019396 0.074819
0.000010 0.000010 0.000010 0.004288 0.829844 0.057231 0.000010 0.000010 0.004515 0.000010 0.000010 0.104052
0.000010 0.001320 0.000010 0.000010 0.783432 0.085983 0.002496 0.000010 0.000510 0.007419 0.038142 0.080658
0.000010 0.004149 0.000010 0.000010 0.793894 0.086236 0.000254 0.000010 0.000010 0.000010 0.031701 0.083706
0.000010 0.000010 0.000502 0.000010 0.800632 0.083389 0.000010 0.000010 0.009233 0.004210 0.000010 0.101975
0.000010 0.000010 0.002561 0.003171 0.821235 0.071378 0.000804 0.000010 0.000010 0.002179 0.014505 0.084128
0.000361 0.003164 0.000010 0.000010 0.794240 0.106635 0.005049 0.000010 0.000010 0.000010 0.006744 0.083757
0.000010 0.000010 0.000010 0.021875 0.806947 0.077431 0.000010 0.000010 0.010594 0.000010 0.000010 0.083084
0.000010 0.000010 0.000010 0.005811 0.783169 0.099225 0.006245 0.000010 0.000010 0.000010 0.008205 0.097284
0.000010 0.000010 0.000010 0.002555 0.784248 0.055247 0.000010 0.000010 0.000010 0.000010 0.037778 0.120101
0.000010 0.000010 0.000010 0.011654 0.796478 0.079575 0.000010 0.000010 0.000010 0.006826 0.000010 0.105396
0.000010 0.011770 0.000010 0.000010 0.799285 0.080879 0.000010 0.000010 0.000010 0.000010 0.000010 0.107986
0.000010 0.001262 0.000010 0.000010 0.763025 0.094597 0.000010 0.000010 0.001056 0.000010 0.046650 0.093350
0.000010 0.000010 0.000010 0.000010 0.831306 0.048980 0.000010 0.000010 0.002523 0.000010 0.022577 0.094544
0.000010 0.001538 0.000010 0.000010 0.795806 0.072366 0.000010 0.000010 0.010030 0.000010 0.000010 0.120189
0.000010 0.000010 0.000010 0.000010 0.817303 0.066403 0.000010 0.000010 0.000362 0.000010 0.000010 0.115852
0.000010 0.000010 0.000010 0.000010 0.756195 0.073206 0.000010 0.000010 0.000010 0.021565 0.070664 0.078300
0.066436 0.035106 0.000010 0.005136 0.706880 0.048285 0.000010 0.000010 0.000010 0.000010 0.012712 0.125394
0.004146 0.000010 0.000345 0.000010 0.820068 0.058945 0.000010 0.000010 0.009084 0.005059 0.000010 0.102302
0.014876 0.009964 0.000010 0.000010 0.805899 0.120987 0.000010 0.000010 0.000010 0.003765 0.000010 0.044450
0.012621 0.000010 0.000010 0.004780 0.754519 0.097203 0.000010 0.000010 0.000329 0.000010 0.083256 0.047242
0.000010 0.000010 0.012029 0.000010 0.847776 0.056062 0.004288 0.000010 0.000010 0.000010 0.000010 0.079775
0.000010 0.003580 0.000010 0.000010 0.807604 0.059221 0.000010 0.000010 0.000010 0.008797 0.000010 0.120727
0.000010 0.000010 0.000010 0.000010 0.841101 0.048669 0.008651 0.000010 0.000010 0.006395 0.000010 0.095115
0.000010 0.009889 0.021160 0.000010 0.815104 0.076475 0.003406 0.000010 0.000010 0.000010 0.007263 0.066654
0.544872 0.000010 0.000010 0.000010 0.000010 0.000010 0.000010 0.410069 0.000010 0.000010 0.000010 0.044970
0.543410 0.010200 0.000010 0.002011 0.000010 0.000010 0.000010 0.444300 0.000010 0.000010 0.000010 0.000010
0.578405 0.000010 0.000010 0.000010 0.000010 0.000010 0.000010 0.386176 0.001614 0.000010 0.000010 0.033725
0.618436 0.000010 0.000010 0.000010 0.000010 0.000010 0.000010 0.381464 0.000010 0.000010 0.000010 0.000010
0.555997 0.005770 0.000010 0.001554 0.000010 0.000010 0.000010 0.404317 0.000010 0.006883 0.000010 0.025419
0.574088 0.000012 0.000010 0.000010 0.000010 0.000010 0.000010 0.355170 0.000010 0.001440 0.000010 0.069221
0.581382 0.000010 0.000010 0.000010 0.000010 0.000010 0.000010 0.416167 0.000010 0.000010 0.000010 0.002361
0.543976 0.000010 0.002657 0.000010 0.000010 0.000010 0.000010 0.399727 0.000010 0.000010 0.000010 0.053561
0.599898 0.003349 0.000010 0.000010 0.000010 0.000010 0.000010 0.396664 0.000010 0.000010 0.000010 0.000010
0.587898 0.000010 0.000010 0.000010 0.000010 0.000010 0.000010 0.391511 0.000010 0.000010 0.000010 0.020501
0.593659 0.000010 0.000010 0.000010 0.000010 0.000010 0.000010 0.365255 0.003474 0.000010 0.000010 0.037531
0.574105 0.000010 0.000010 0.000010 0.000010 0.000010 0.000010 0.425795 0.000010 0.000010 0.000010 0.000010
0.624865 0.000010 0.000010 0.000010 0.000010 0.000010 0.000010 0.363347 0.000010 0.000010 0.000010 0.011698
0.552538 0.007821 0.005655 0.000010 0.000010 0.000010 0.000010 0.415033 0.000010 0.000010 0.000010 0.018883
0.535779 0.000010 0.000010 0.000010 0.000010 0.000010 0.000010 0.455415 0.000010 0.008716 0.000010 0.000010
0.542522 0.005382 0.000010 0.000010 0.000010 0.000010 0.000010 0.428350 0.000010 0.000010 0.000010 0.023666
0.608324 0.000010 0.000010 0.003473 0.000010 0.000010 0.000010 0.322776 0.000010 0.000010 0.000010 0.065347
0.575219 0.000010 0.000010 0.000010 0.000010 0.000010 0.000010 0.396992 0.000010 0.000622 0.000010 0.027087
0.535231 0.000010 0.000010 0.000010 0.000010 0.000010 0.000010 0.455588 0.000010 0.000010 0.000010 0.009091
0.577642 0.000010 0.000010 0.000010 0.000010 0.000010 0.000010 0.374508 0.000010 0.000939 0.000010 0.046832
0.593049 0.000463 0.000010 0.000010 0.000010 0.000010 0.000010 0.367956 0.000010 0.000010 0.000010 0.038453
0.534484 0.005305 0.000010 0.000010 0.000010 0.000010 0.000010 0.416930 0.000010 0.000010 0.000010 0.043201
0.577375 0.005472 0.000010 0.005005 0.000010 0.000010 0.000010 0.411785 0.000010 0.000294 0.000010 0.000010
0.590767 0.002325 0.000010 0.000010 0.000010 0.000010 0.000010 0.395301 0.000010 0.000010 0.000010 0.011526
0.530840 0.000010 0.000010 0.000010 0.000010 0.000010 0.000010 0.432804 0.000010 0.000010 0.000010 0.036266
0.603469 0.000010 0.000010 0.000010 0.000010 0.000010 0.000010 0.358638 0.000010 0.000010 0.000010 0.037803
0.525240 0.000010 0.000010 0.000010 0.000010 0.000010 0.000010 0.432045 0.000010 0.000010 0.000010 0.042624
0.587131 0.009656 0.000010 0.000010 0.000010 0.000010 0.000010 0.353360 0.000010 0.004258 0.000010 0.045525
0.557962 0.001257 0.000010 0.000010 0.000010 0.000010 0.000010 0.386870 0.000010 0.000010 0.000010 0.053830
0.573680 0.000010 0.000010 0.006811 0.000010 0.000010 0.000010 0.353441 0.000010 0.006346 0.000010 0.059652
0.489301 0.000010 0.000010 0.000010 0.000010 0.000010 0.000010 0.468803 0.000010 0.000010 0.000010 0.041807
0.584515 0.000010 0.000010 0.000010 0.000010 0.000010 0.000010 0.376453 0.000010 0.000010 0.000010 0.038942
0.605499 0.000010 0.000010 0.000010 0.000010 0.000010 0.000010 0.358982 0.000010 0.003517 0.000010 0.031922
0.515331 0.000010 0.000010 0.007391 0.000010 0.000010 0.000010 0.398211 0.000010 0.000462 0.000010 0.078535
0.553820 0.002237 0.000010 0.000010 0.000010 0.000010 0.000010 0.388902 0.000010 0.000632 0.000010 0.054338
0.586394 0.000010 0.000010 0.000010 0.000010 0.000010 0.003955 0.390308 0.000010 0.000010 0.000010 0.019264
0.538668 0.000010 0.000010 0.008055 0.000010 0.000010 0.000010 0.413291 0.000010 0.001997 0.000010 0.037920
0.535916 0.000010 0.000010 0.000010 0.000010 0.005827 0.000010 0.431885 0.000010 0.000010 0.000010 0.026291
0.607847 0.003718 0.000010 0.000010 0.000010 0.000010 0.000010 0.364742 0.000010 0.000010 0.000010 0.023613
0.585822 0.000010 0.000010 0.000010 0.000010 0.000010 0.000010 0.413792 0.000010 0.000296 0.000010 0.000010
0.546366 0.000010 0.000010 0.001156 0.000010 0.000010 0.000010 0.414580 0.000010 0.000010 0.000010 0.037818
0.592716 0.007110 0.000010 0.000010 0.000010 0.000010 0.000010 0.382400 0.000010 0.000010 0.000010 0.017694
0.000010 0.054549 0.004777 0.075963 0.409107 0.013644 0.076422 0.001103 0.001520 0.000010 0.342447 0.020448
0.000010 0.054573 0.042213 0.159142 0.240794 0.037173 0.151325 0.000010 0.014768 0.000659 0.299323 0.000010
0.000010 0.010103 0.023586 0.132911 0.386914 0.033136 0.060201 0.000010 0.019289 0.012721 0.321108 0.000010
0.539240 0.005274 0.000010 0.000010 0.000010 0.000010 0.000010 0.427445 0.000010 0.000010 0.000010 0.027961
0.547287 0.008596 0.000010 0.000010 0.000010 0.000010 0.000010 0.394422 0.000010 0.000010 0.000010 0.049615
0.432969 0.000010 0.000010 0.006110 0.000010 0.000010 0.000010 0.560830 0.000010 0.000010 0.000010 0.000010
0.547165 0.000010 0.000010 0.000010 0.000010 0.000010 0.000010 0.428413 0.000010 0.008751 0.000010 0.015591
0.521481 0.003211 0.000010 0.000010 0.000010 0.000010 0.000010 0.475218 0.000010 0.000010 0.000010 0.000010
0.551227 0.017356 0.000010 0.000010 0.000010 0.000010 0.000010 0.427296 0.000010 0.000010 0.000010 0.004041
0.534560 0.000010 0.000010 0.003382 0.000010 0.000010 0.000010 0.445686 0.000010 0.000010 0.000010 0.016291
0.505145 0.000010 0.000010 0.000010 0.000010 0.000010 0.000010 0.491029 0.000010 0.000646 0.000010 0.003100
0.646558 0.000010 0.000010 0.000010 0.000010 0.000010 0.000010 0.348772 0.000010 0.004579 0.000010 0.000010
0.525758 0.000010 0.000010 0.000010 0.000010 0.000010 0.000010 0.457161 0.000010 0.000010 0.000010 0.016991
0.507274 0.004452 0.000010 0.000010 0.000010 0.000010 0.000010 0.463406 0.000010 0.000010 0.000010 0.024788
0.561218 0.002516 0.019388 0.000010 0.000010 0.000010 0.000010 0.372403 0.000010 0.000010 0.000010 0.044404
0.374785 0.005843 0.000010 0.000426 0.001536 0.011217 0.000010 0.529698 0.000010 0.000010 0.000010 0.076445
0.526312 0.000010 0.000010 0.000010 0.000010 0.000010 0.000010 0.438196 0.000010 0.000010 0.000010 0.035401
0.536241 0.000010 0.000010 0.000010 0.000010 0.000010 0.000010 0.454758 0.000010 0.000010 0.000010 0.008911
0.565606 0.002343 0.000010 0.000010 0.000010 0.000010 0.000010 0.431961 0.000010 0.000010 0.000010 0.000010
0.554498 0.000010 0.000010 0.000010 0.000010 0.000010 0.000010 0.437167 0.000010 0.000010 0.000010 0.008245
0.492503 0.000010 0.000010 0.000010 0.000010 0.000010 0.000010 0.492032 0.000010 0.000010 0.000010 0.015375
0.511801 0.000010 0.000010 0.000010 0.000010 0.000010 0.000010 0.473574 0.000010 0.001980 0.000010 0.012565
0.581389 0.000010 0.000010 0.000010 0.000010 0.000010 0.000010 0.398069 0.000010 0.000010 0.000010 0.020452
0.491132 0.003949 0.000010 0.000010 0.000010 0.000010 0.000010 0.478537 0.000010 0.000222 0.000010 0.026090
0.535086 0.000010 0.000010 0.000010 0.000010 0.000010 0.000010 0.424283 0.000010 0.000010 0.000010 0.040541
0.544896 0.000010 0.000010 0.000010 0.000010 0.000010 0.000010 0.420754 0.000010 0.000010 0.000010 0.034260
0.557814 0.000010 0.000010 0.000010 0.000010 0.000010 0.000010 0.425974 0.000010 0.000010 0.000010 0.016122
0.552073 0.001642 0.000010 0.000010 0.000010 0.000010 0.000010 0.446196 0.000010 0.000010 0.000010 0.000010
0.584459 0.000010 0.000010 0.000010 0.000010 0.000010 0.000010 0.387168 0.000010 0.000010 0.000010 0.028282
0.578067 0.001108 0.000010 0.003667 0.000010 0.000010 0.000010 0.380046 0.000010 0.002929 0.000010 0.034123
0.606575 0.000010 0.000010 0.000010 0.000010 0.000010 0.000010 0.361909 0.000010 0.000010 0.000010 0.031426
0.600801 0.000010 0.001119 0.000010 0.000010 0.000010 0.000010 0.344807 0.000010 0.013937 0.000010 0.039265
0.582200 0.000010 0.000010 0.000010 0.000010 0.000010 0.000010 0.417700 0.000010 0.000010 0.000010 0.000010
0.544341 0.000010 0.000010 0.000010 0.000010 0.000010 0.000010 0.368291 0.000010 0.004954 0.000010 0.082333
0.550578 0.000010 0.000010 0.000010 0.000010 0.000010 0.000010 0.413264 0.000010 0.000010 0.000010 0.036068
0.516527 0.000010 0.000010 0.000010 0.000010 0.000010 0.000010 0.438124 0.000010 0.000010 0.000010 0.045259
0.562881 0.000010 0.000010 0.000010 0.000010 0.000010 0.000010 0.427167 0.000010 0.005522 0.000010 0.004349
0.584328 0.000010 0.000010 0.000010 0.000010 0.000010 0.000010 0.415572 0.000010 0.000010 0.000010 0.000010
0.000010 0.060839 0.023479 0.069472 0.360181 0.000010 0.153351 0.013844 0.009436 0.009983 0.299385 0.000010
0.000010 0.038209 0.007644 0.140092 0.325912 0.020255 0.142510 0.000010 0.013836 0.012767 0.298745 0.000010
0.000010 0.020627 0.003015 0.083718 0.430790 0.005921 0.052021 0.003327 0.010420 0.016504 0.373639 0.000010
0.000010 0.060321 0.011605 0.101318 0.386351 0.000010 0.076565 0.014485 0.000010 0.000010 0.349305 0.000010
0.736043 0.000771 0.000010 0.000010 0.000010 0.000010 0.000010 0.256112 0.000010 0.000010 0.000010 0.006994
0.676717 0.003974 0.000010 0.006530 0.000010 0.000010 0.000010 0.312699 0.000010 0.000010 0.000010 0.000010
0.695979 0.000010 0.000010 0.000010 0.000010 0.000010 0.000010 0.302937 0.000995 0.000010 0.000010 0.000010
0.639380 0.000010 0.000010 0.000010 0.000010 0.000010 0.000010 0.360520 0.000010 0.000010 0.000010 0.000010
0.664413 0.000010 0.000010 0.000010 0.000010 0.000010 0.000010 0.321404 0.000010 0.014093 0.000010 0.000010
0.651021 0.000010 0.000010 0.007243 0.000010 0.000010 0.000010 0.323026 0.000010 0.003016 0.000010 0.015624
0.687627 0.000010 0.000010 0.002718 0.000010 0.000010 0.000010 0.299626 0.000010 0.000010 0.000010 0.009948
0.697292 0.009885 0.000010 0.000010 0.000010 0.000010 0.000010 0.265914 0.000010 0.000010 0.000010 0.026828
0.657829 0.000010 0.000010 0.000010 0.000010 0.000010 0.000010 0.337970 0.000010 0.004110 0.000010 0.000010
0.681792 0.006123 0.000010 0.000010 0.000010 0.000010 0.000010 0.305576 0.000010 0.006428 0.000010 0.000010
0.678711 0.000010 0.000010 0.000010 0.000010 0.000010 0.000010 0.296449 0.000010 0.000265 0.000010 0.024494
0.661396 0.000010 0.000010 0.000010 0.000010 0.000010 0.000010 0.324736 0.000010 0.000010 0.000010 0.013777
0.703299 0.011154 0.000010 0.000010 0.000010 0.000010 0.000010 0.260702 0.000010 0.006493 0.000010 0.018283
0.664342 0.004343 0.000010 0.000010 0.000010 0.000010 0.000010 0.311919 0.000010 0.000010 0.000010 0.019316
0.624865 0.000010 0.000010 0.000010 0.000010 0.000010 0.000010 0.368623 0.000010 0.000010 0.000010 0.006422
0.687814 0.000010 0.000010 0.011483 0.000010 0.000010 0.000010 0.294663 0.000010 0.003007 0.000010 0.002963
0.662546 0.000010 0.000010 0.012810 0.000010 0.000010 0.000010 0.319154 0.000010 0.005410 0.000010 0.000010
0.652415 0.002413 0.000010 0.000010 0.000010 0.005595 0.000010 0.335179 0.000010 0.000010 0.000010 0.004329
0.682856 0.003068 0.000010 0.000010 0.000010 0.000010 0.000010 0.313986 0.000010 0.000010 0.000010 0.000010
0.599721 0.008170 0.000010 0.000010 0.000010 0.000010 0.000010 0.392019 0.000010 0.000010 0.000010 0.000010
0.636338 0.000573 0.000010 0.000010 0.000010 0.000010 0.000010 0.333570 0.000010 0.000010 0.000010 0.029440
0.653368 0.000841 0.000010 0.000010 0.000010 0.000010 0.000010 0.328091 0.000010 0.002322 0.000010 0.015308
0.700666 0.003315 0.000010 0.000010 0.000010 0.000010 0.000010 0.286086 0.000010 0.003255 0.000010 0.006608
0.686948 0.000010 0.000010 0.000010 0.000010 0.000010 0.000010 0.311980 0.000010 0.000982 0.000010 0.000010
0.667140 0.000010 0.000010 0.000010 0.000010 0.000010 0.000010 0.317287 0.000010 0.000010 0.004578 0.010915
0.682460 0.000010 0.000010 0.000010 0.007971 0.000010 0.000010 0.308797 0.000010 0.000010 0.000405 0.000297
0.707865 0.000010 0.000731 0.000010 0.000010 0.000010 0.000010 0.263894 0.000010 0.000010 0.000010 0.027429
0.661098 0.006783 0.000010 0.000010 0.000010 0.000010 0.000010 0.332029 0.000010 0.000010 0.000010 0.000010
0.000010 0.034927 0.010293 0.056123 0.430105 0.028266 0.022693 0.000010 0.000010 0.008483 0.402451 0.006628
0.000010 0.028366 0.005840 0.087548 0.407489 0.056689 0.053840 0.000010 0.000010 0.019965 0.340222 0.000010
0.000010 0.089602 0.000010 0.112523 0.355183 0.000010 0.087216 0.000010 0.010062 0.000425 0.309259 0.035690
0.000010 0.042731 0.021872 0.072767 0.481714 0.000010 0.048157 0.000010 0.000010 0.005023 0.322279 0.005417
0.000010 0.043978 0.000010 0.079506 0.438539 0.000010 0.078607 0.000280 0.000010 0.008007 0.349557 0.001485
0.000010 0.026647 0.000010 0.040750 0.541336 0.042123 0.044559 0.000010 0.000010 0.014639 0.289896 0.000010
0.000010 0.038784 0.000896 0.115238 0.350938 0.000010 0.119724 0.004835 0.002237 0.006841 0.360477 0.000010
0.000010 0.021171 0.000010 0.048277 0.465325 0.036729 0.070989 0.000010 0.000010 0.000010 0.357449 0.000010
0.000010 0.082420 0.001765 0.157882 0.349741 0.000010 0.082238 0.000010 0.009459 0.011668 0.304787 0.000010
0.958791 0.000010 0.005978 0.001249 0.000010 0.000010 0.000010 0.024725 0.000010 0.000569 0.000010 0.008627
0.964685 0.001951 0.000010 0.000010 0.000010 0.000010 0.000010 0.021785 0.000010 0.011499 0.000010 0.000010
0.935380 0.000010 0.000202 0.011850 0.000010 0.000010 0.000010 0.000010 0.000010 0.007669 0.000010 0.044828
0.969394 0.013661 0.000010 0.000010 0.000010 0.000010 0.000010 0.014306 0.000010 0.002558 0.000010 0.000010
0.896884 0.007157 0.023851 0.004237 0.001665 0.001637 0.000010 0.060755 0.000010 0.000010 0.000010 0.003775
0.936050 0.000010 0.000010 0.011937 0.000010 0.000010 0.000010 0.034772 0.001390 0.015781 0.000010 0.000010
0.960990 0.000010 0.000010 0.000010 0.000010 0.000010 0.000010 0.000010 0.000010 0.013255 0.000010 0.025664
0.950009 0.000010 0.000010 0.007811 0.000010 0.000010 0.000010 0.019450 0.000010 0.022650 0.000010 0.000010
0.875467 0.014946 0.011857 0.000010 0.000010 0.000010 0.000010 0.092443 0.000010 0.005217 0.000010 0.000010
0.870361 0.000010 0.021576 0.000010 0.000010 0.000010 0.000010 0.074024 0.000010 0.009271 0.000010 0.024698
0.947743 0.000010 0.000010 0.005171 0.000010 0.000010 0.000010 0.040139 0.000010 0.006868 0.000010 0.000010
0.932936 0.000010 0.003081 0.000010 0.000010 0.000010 0.000010 0.048907 0.000010 0.014996 0.000010 0.000010
0.960936 0.002783 0.000010 0.000010 0.000010 0.000010 0.000010 0.024835 0.000010 0.011366 0.000010 0.000010
0.921125 0.009086 0.000010 0.000010 0.000010 0.000010 0.000010 0.014298 0.000010 0.015394 0.000010 0.040027
0.937095 0.003247 0.000010 0.000010 0.000010 0.000010 0.000010 0.057409 0.000010 0.002170 0.000010 0.000010
0.000010 0.035951 0.016363 0.071532 0.459003 0.005533 0.077872 0.000010 0.006695 0.000010 0.327012 0.000010
0.000010 0.057081 0.011121 0.085412 0.367956 0.006077 0.092530 0.020817 0.021133 0.009025 0.328829 0.000010
0.006891 0.054123 0.005383 0.080668 0.354190 0.000010 0.221466 0.000010 0.000903 0.000010 0.276335 0.000010
0.000010 0.056698 0.034361 0.142647 0.302881 0.005702 0.188612 0.000010 0.020593 0.007056 0.241421 0.000010
0.000010 0.081025 0.008518 0.105887 0.312406 0.025531 0.179248 0.002362 0.023424 0.007482 0.254097 0.000010
0.000010 0.051101 0.016618 0.099083 0.379124 0.000010 0.056381 0.000010 0.014128 0.001754 0.366525 0.015257
0.002678 0.043721 0.000010 0.063942 0.399690 0.042627 0.110278 0.022196 0.000010 0.005868 0.308970 0.000010
0.004587 0.058782 0.000010 0.114506 0.362567 0.035895 0.125946 0.000010 0.000010 0.005268 0.292410 0.000010
0.000010 0.028280 0.000010 0.086633 0.430100 0.044045 0.084572 0.015150 0.006135 0.003611 0.298640 0.002814
0.000010 0.057634 0.001374 0.088136 0.400274 0.021366 0.065102 0.008484 0.000010 0.000291 0.357309 0.000010
0.000010 0.038273 0.003518 0.104721 0.249793 0.017522 0.293626 0.014269 0.018913 0.000882 0.258464 0.000010
0.012708 0.050647 0.019319 0.073105 0.359963 0.000010 0.168166 0.000010 0.009408 0.000010 0.306643 0.000010
0.000010 0.028696 0.000010 0.111928 0.414691 0.017432 0.057535 0.025344 0.005619 0.000010 0.338716 0.000010
0.000010 0.041701 0.006123 0.100319 0.403582 0.016276 0.096153 0.000010 0.000010 0.010296 0.325510 0.000010
0.000010 0.068281 0.040619 0.108142 0.355380 0.000010 0.048792 0.000010 0.015714 0.004182 0.354917 0.003942
0.000010 0.049741 0.011364 0.114898 0.412117 0.018050 0.054342 0.000010 0.000010 0.000010 0.339438 0.000010
0.000010 0.039728 0.018113 0.098364 0.362362 0.000010 0.090609 0.000010 0.000010 0.006968 0.383806 0.000010
0.000010 0.044483 0.007947 0.103717 0.395681 0.000010 0.067609 0.000010 0.000010 0.006749 0.344872 0.028902
0.000010 0.011690 0.017402 0.034714 0.480470 0.000010 0.095869 0.000010 0.012907 0.000891 0.327864 0.018164
0.000010 0.035832 0.040350 0.141719 0.304100 0.000010 0.181509 0.018861 0.011550 0.016304 0.249745 0.000010
0.000010 0.035165 0.032942 0.097102 0.335711 0.013037 0.144791 0.000010 0.014355 0.007494 0.319374 0.000010
0.000010 0.057075 0.004673 0.173291 0.360258 0.023618 0.073791 0.000010 0.007959 0.006671 0.292634 0.000010
