0.080775 0.000010 0.020349 0.000010 0.842784 0.056073
0.097721 0.000010 0.004505 0.000010 0.816050 0.081704
0.000010 0.007147 0.003628 0.877401 0.000010 0.111804
0.000010 0.002259 0.000010 0.873039 0.014231 0.110452
0.982441 0.000010 0.000010 0.000010 0.005527 0.012002
0.000774 0.913996 0.005128 0.020430 0.018420 0.041251
0.000010 0.000010 0.022560 0.933571 0.009576 0.034273
0.999950 0.000010 0.000010 0.000010 0.000010 0.000010
0.028690 0.886840 0.000368 0.058208 0.007806 0.018087
0.001564 0.984300 0.000010 0.014106 0.000010 0.000010
0.003733 0.945005 0.007631 0.000010 0.018045 0.025577
0.013162 0.000010 0.986798 0.000010 0.000010 0.000010
0.000010 0.000010 0.000010 0.000010 0.999950 0.000010
0.000010 0.002590 0.000010 0.983083 0.014297 0.000010
0.000010 0.999950 0.000010 0.000010 0.000010 0.000010
0.000010 0.000010 0.023066 0.943766 0.010763 0.022385
0.000010 0.000010 0.020644 0.931817 0.016238 0.031282
0.000010 0.000010 0.043509 0.928788 0.000010 0.027673
0.000010 0.000010 0.030371 0.960110 0.009489 0.000010
0.000010 0.000010 0.032787 0.953230 0.013953 0.000010
0.000010 0.000010 0.029876 0.911908 0.000010 0.058186
0.004925 0.000010 0.020838 0.958970 0.015248 0.000010
0.000010 0.000779 0.030328 0.948607 0.000010 0.020266
0.000010 0.000519 0.033579 0.934736 0.003395 0.027761
0.000010 0.000010 0.032090 0.943687 0.000010 0.024193
0.000034 0.000010 0.027507 0.972429 0.000010 0.000010
0.000010 0.000010 0.036897 0.952498 0.003643 0.006942
0.006526 0.000010 0.022913 0.968444 0.002098 0.000010
0.000335 0.000010 0.014464 0.955699 0.000106 0.029386
0.000010 0.000010 0.033648 0.937541 0.003152 0.025639
0.000010 0.000010 0.028815 0.953892 0.000010 0.017264
0.000010 0.000010 0.020434 0.956700 0.004103 0.018743
0.000010 0.000010 0.026558 0.965595 0.005622 0.002205
0.000010 0.000010 0.024943 0.943277 0.011760 0.019999
0.006617 0.000010 0.038680 0.954673 0.000010 0.000010
0.000010 0.000010 0.012813 0.954932 0.015304 0.016931
0.009349 0.000010 0.034572 0.933917 0.004724 0.017429
0.000010 0.000010 0.030411 0.969549 0.000010 0.000010
0.015351 0.000010 0.010259 0.970625 0.003745 0.000010
0.000010 0.000010 0.027466 0.968261 0.000010 0.004243
0.000010 0.000010 0.033359 0.965084 0.001527 0.000010
0.000010 0.005584 0.030729 0.948120 0.002726 0.012831
0.001719 0.009053 0.037166 0.926931 0.014495 0.010635
0.000010 0.000010 0.028425 0.944684 0.012438 0.014433
0.005839 0.000010 0.017703 0.950036 0.007270 0.019142
0.000010 0.000010 0.009654 0.955352 0.007702 0.027272
0.000010 0.000010 0.025546 0.961579 0.000662 0.012193
0.000010 0.000010 0.019664 0.958522 0.006341 0.015453
0.000010 0.000010 0.025434 0.933786 0.000653 0.040107
0.000010 0.000010 0.008108 0.971180 0.002458 0.018235
0.000010 0.000010 0.011757 0.959663 0.016007 0.012554
0.000010 0.000010 0.038874 0.927894 0.006351 0.026860
0.000010 0.004441 0.022704 0.964773 0.000010 0.008062
0.003427 0.000010 0.023230 0.952211 0.006402 0.014720
0.000010 0.000010 0.011594 0.972878 0.000804 0.014703
0.000010 0.000010 0.038272 0.950554 0.011143 0.000010
0.000010 0.011270 0.026311 0.961016 0.000010 0.001384
0.000010 0.000010 0.026487 0.960897 0.012586 0.000010
0.000010 0.000010 0.011115 0.960029 0.006455 0.022381
0.000010 0.004823 0.023607 0.956528 0.010060 0.004971
0.000010 0.000010 0.020896 0.965193 0.003355 0.010536
0.000010 0.000010 0.032210 0.934225 0.008737 0.024808
0.000010 0.000010 0.018935 0.963085 0.017950 0.000010
0.000010 0.000010 0.018970 0.963657 0.002062 0.015291
0.018337 0.000010 0.013497 0.959243 0.008903 0.000010
0.005526 0.000010 0.026763 0.913210 0.011302 0.043189
0.000010 0.000010 0.024405 0.948439 0.021611 0.005525
0.000994 0.000010 0.023113 0.947102 0.002661 0.026120
0.000010 0.000010 0.026088 0.973872 0.000010 0.000010
0.000010 0.000010 0.034465 0.951955 0.013550 0.000010
0.017097 0.000010 0.031205 0.945420 0.000010 0.006259
0.000010 0.000010 0.034916 0.946970 0.018084 0.000010
0.002376 0.000010 0.040301 0.929834 0.013831 0.013649
0.007960 0.000010 0.014251 0.963048 0.014721 0.000010
0.000010 0.000010 0.025706 0.940774 0.009156 0.024344
0.068437 0.000010 0.052356 0.878536 0.000651 0.000010
0.072074 0.000010 0.051015 0.876881 0.000010 0.000010
0.029368 0.000010 0.056566 0.902109 0.011937 0.000010
0.075515 0.000011 0.042548 0.877283 0.004632 0.000010
0.061636 0.000954 0.060162 0.872091 0.005147 0.000010
0.044391 0.000010 0.050005 0.874692 0.014475 0.016426
0.055975 0.000010 0.053855 0.887655 0.001428 0.001077
0.057468 0.000010 0.055122 0.874595 0.006675 0.006131
0.068429 0.015701 0.014529 0.896836 0.000260 0.004245
0.059373 0.000010 0.076398 0.851726 0.000010 0.012483
0.058911 0.000010 0.061951 0.850944 0.008289 0.019895
0.058501 0.000010 0.046154 0.858242 0.005239 0.031852
0.048168 0.000010 0.059473 0.872505 0.017286 0.002558
0.070366 0.000010 0.070072 0.859531 0.000010 0.000010
0.039197 0.000010 0.045920 0.889447 0.012491 0.012935
0.070729 0.000010 0.055842 0.857315 0.015071 0.001033
0.045657 0.002279 0.047301 0.894745 0.002517 0.007502
0.000010 0.000010 0.046143 0.940021 0.000010 0.013806
0.000010 0.000010 0.021289 0.935376 0.011818 0.031497
0.000010 0.004584 0.020917 0.968559 0.005588 0.000343
0.000010 0.000010 0.020783 0.932603 0.014107 0.032486
0.005695 0.000010 0.020119 0.940234 0.000010 0.033932
0.000010 0.010677 0.015713 0.963996 0.000580 0.009024
0.000010 0.000010 0.033458 0.950781 0.005731 0.010009
0.000010 0.000010 0.027206 0.934399 0.005841 0.032534
0.001518 0.013493 0.024974 0.950164 0.009841 0.000010
0.000010 0.000010 0.026258 0.962169 0.002594 0.008960
0.000010 0.000010 0.033544 0.933599 0.008540 0.024297
0.000010 0.004043 0.036670 0.946756 0.000148 0.012373
0.000010 0.000010 0.027452 0.944918 0.013947 0.013663
0.000010 0.000010 0.020086 0.963594 0.000010 0.016290
0.000010 0.000010 0.017887 0.951561 0.024407 0.006125
0.010975 0.000010 0.033721 0.950096 0.005188 0.000010
0.000965 0.000010 0.020620 0.954402 0.002368 0.021635
0.000010 0.000010 0.037096 0.937855 0.003456 0.021573
0.002714 0.000010 0.021274 0.956953 0.005769 0.013280
0.000010 0.003671 0.024253 0.960227 0.011410 0.000428
0.000010 0.005640 0.019811 0.955203 0.019326 0.000010
0.000010 0.000010 0.022761 0.961846 0.006713 0.008660
0.000010 0.000391 0.022604 0.961806 0.009993 0.005196
0.000010 0.000450 0.028597 0.942891 0.000010 0.028043
0.007762 0.000010 0.012209 0.974833 0.005176 0.000010
0.000010 0.000010 0.029223 0.965962 0.000467 0.004327
0.000010 0.000010 0.030510 0.955499 0.013961 0.000010
0.000011 0.000010 0.018922 0.969202 0.011845 0.000010
0.000010 0.000010 0.017479 0.961901 0.001479 0.019121
0.000655 0.000010 0.012763 0.943911 0.016073 0.026588
0.000010 0.000010 0.029087 0.964204 0.006679 0.000010
0.000010 0.000010 0.033299 0.961543 0.005128 0.000010
0.051247 0.010382 0.052408 0.870787 0.010549 0.004626
0.047986 0.000010 0.057266 0.870127 0.014675 0.009935
0.042724 0.000010 0.059629 0.897617 0.000010 0.000010
0.045424 0.000010 0.056123 0.869256 0.017608 0.011578
0.035438 0.000010 0.041771 0.896835 0.018485 0.007462
0.072087 0.000010 0.064063 0.832291 0.009334 0.022215
0.063664 0.000010 0.045603 0.850620 0.007104 0.033000
0.062379 0.000010 0.048332 0.883710 0.005559 0.000010
0.067810 0.000010 0.043912 0.888247 0.000010 0.000010
0.042143 0.000010 0.026653 0.902654 0.008542 0.019999
0.044919 0.002612 0.073805 0.858496 0.020158 0.000010
0.025256 0.000010 0.064729 0.882929 0.011607 0.015469
0.035221 0.000010 0.062610 0.880436 0.000010 0.021713
0.061881 0.000010 0.048563 0.869105 0.020431 0.000010
0.058610 0.000010 0.060962 0.868659 0.011749 0.000010
0.074657 0.000010 0.047087 0.867694 0.007478 0.003074
0.024560 0.003183 0.068599 0.870410 0.012667 0.020581
0.075637 0.000010 0.049610 0.874722 0.000010 0.000010
0.042519 0.000010 0.061214 0.866047 0.011109 0.019102
0.072515 0.000010 0.048554 0.857516 0.005716 0.015689
0.063498 0.000010 0.044113 0.860883 0.010970 0.020525
0.069355 0.000010 0.048986 0.866208 0.015431 0.000010
0.046155 0.000010 0.063513 0.871869 0.009044 0.009410
0.062926 0.000010 0.054549 0.865360 0.000010 0.017145
0.062841 0.000010 0.045671 0.865520 0.005676 0.020282
0.057946 0.000010 0.058154 0.871862 0.000010 0.012017
0.044913 0.000010 0.046051 0.907662 0.001355 0.000010
0.036094 0.000010 0.036448 0.915539 0.003410 0.008499
0.038894 0.000816 0.058961 0.864694 0.012715 0.023920
0.066150 0.000010 0.039582 0.870553 0.009853 0.013853
0.038499 0.000193 0.057987 0.881643 0.010065 0.011612
0.056373 0.000010 0.048994 0.894604 0.000010 0.000010
0.046418 0.001699 0.061095 0.865480 0.010847 0.014461
0.057826 0.000010 0.058062 0.878096 0.005996 0.000010
0.052292 0.000010 0.053300 0.874055 0.010759 0.009584
0.052882 0.010107 0.064160 0.852592 0.020249 0.000010
0.044940 0.000010 0.058056 0.887011 0.007366 0.002618
0.066939 0.000010 0.075866 0.845997 0.010887 0.000301
0.059911 0.000010 0.075681 0.861563 0.002825 0.000010
0.049769 0.000010 0.053156 0.864860 0.000010 0.032195
0.027040 0.001753 0.060322 0.903810 0.007065 0.000010
0.036303 0.000010 0.057262 0.889668 0.000010 0.016747
0.054538 0.000010 0.042073 0.881045 0.008547 0.013788
0.039114 0.000010 0.052824 0.886868 0.002334 0.018850
0.039076 0.000010 0.056059 0.856948 0.011639 0.036268
0.026195 0.000010 0.058872 0.909335 0.005578 0.000010
0.044864 0.000010 0.053328 0.893190 0.008599 0.000010
0.063621 0.000010 0.046351 0.878965 0.007320 0.003733
0.026481 0.000010 0.054414 0.918286 0.000800 0.000010
0.052048 0.000010 0.046097 0.901825 0.000010 0.000010
0.056310 0.000010 0.041358 0.882620 0.008662 0.011040
0.019645 0.011552 0.043484 0.888782 0.016983 0.019553
0.078278 0.000010 0.037081 0.867044 0.017578 0.000010
0.047381 0.000010 0.064970 0.876548 0.011081 0.000010
0.043325 0.000010 0.050064 0.892785 0.011711 0.002106
0.061452 0.000010 0.035091 0.889963 0.013474 0.000010
0.029716 0.000010 0.063256 0.896938 0.010070 0.000010
0.057676 0.000010 0.051888 0.872083 0.009281 0.009061
0.025246 0.000010 0.036059 0.926249 0.008074 0.004362
0.051136 0.000010 0.050112 0.887207 0.011525 0.000010
0.075152 0.000010 0.045666 0.868078 0.011084 0.000010
0.025186 0.000010 0.053109 0.907524 0.000010 0.014161
0.061657 0.000010 0.055507 0.875619 0.007197 0.000010
0.037121 0.000010 0.056151 0.894073 0.010416 0.002229
0.066472 0.000010 0.063604 0.869894 0.000010 0.000010
0.053692 0.000010 0.041830 0.888732 0.009607 0.006129
0.045724 0.000010 0.049260 0.883421 0.000010 0.021574
0.057119 0.000010 0.049932 0.843341 0.014679 0.034918
0.037831 0.000010 0.052781 0.888825 0.008826 0.011727
0.052230 0.000010 0.044554 0.874483 0.005762 0.022961
0.052849 0.001458 0.071546 0.865155 0.008983 0.000010
0.049169 0.000010 0.060975 0.859590 0.001613 0.028644
0.082695 0.000010 0.046247 0.870362 0.000677 0.000010
0.049006 0.000010 0.071036 0.837499 0.017901 0.024548
0.044766 0.000010 0.081624 0.873580 0.000010 0.000010
0.054606 0.000010 0.049724 0.874622 0.008696 0.012342
0.058569 0.000010 0.048651 0.887801 0.004959 0.000010
0.070681 0.000010 0.064038 0.846980 0.002950 0.015341
0.057208 0.000010 0.063418 0.864390 0.005924 0.009049
0.047555 0.000010 0.038847 0.884648 0.028386 0.000555
0.151766 0.000010 0.094435 0.753402 0.000377 0.000010
0.072100 0.000010 0.050937 0.867856 0.007507 0.001590
0.040815 0.000010 0.053582 0.878047 0.010573 0.016973
0.043086 0.000010 0.044098 0.905614 0.000010 0.007182
0.049568 0.000010 0.042623 0.884215 0.005601 0.017984
0.041351 0.000010 0.070773 0.860592 0.018118 0.009156
0.056238 0.000010 0.045898 0.884815 0.013029 0.000010
0.028483 0.000010 0.066266 0.869541 0.001616 0.034084
0.997327 0.000010 0.000010 0.000010 0.002633 0.000010
0.983969 0.000010 0.014276 0.000010 0.001725 0.000010
0.997121 0.000258 0.000010 0.000010 0.002591 0.000010
0.997651 0.000010 0.000010 0.000010 0.002309 0.000010
0.977909 0.000010 0.012230 0.000010 0.009831 0.000010
0.992510 0.000010 0.000014 0.000010 0.007446 0.000010
0.999950 0.000010 0.000010 0.000010 0.000010 0.000010
0.990329 0.000010 0.000010 0.000010 0.002523 0.007118
0.999950 0.000010 0.000010 0.000010 0.000010 0.000010
0.995117 0.000010 0.002884 0.000010 0.001968 0.000010
0.994741 0.004021 0.001196 0.000010 0.000022 0.000010
0.999057 0.000010 0.000010 0.000010 0.000903 0.000010
0.998767 0.000010 0.000010 0.000010 0.001193 0.000010
0.983319 0.000010 0.008240 0.000010 0.000010 0.008411
0.988318 0.000010 0.000010 0.000010 0.011642 0.000010
0.993141 0.000010 0.006819 0.000010 0.000010 0.000010
0.983594 0.000010 0.011709 0.000010 0.004667 0.000010
0.995207 0.000010 0.000010 0.000010 0.004753 0.000010
0.999950 0.000010 0.000010 0.000010 0.000010 0.000010
0.988834 0.000010 0.004571 0.000013 0.006561 0.000010
0.999950 0.000010 0.000010 0.000010 0.000010 0.000010
0.990448 0.000010 0.008461 0.001061 0.000010 0.000010
0.984282 0.000010 0.012546 0.000010 0.003142 0.000010
0.997696 0.000010 0.000010 0.000010 0.002264 0.000010
0.999084 0.000010 0.000876 0.000010 0.000010 0.000010
0.999950 0.000010 0.000010 0.000010 0.000010 0.000010
0.997161 0.000010 0.000010 0.000010 0.002799 0.000010
0.982470 0.000010 0.009359 0.000010 0.008141 0.000010
0.991225 0.000010 0.008735 0.000010 0.000010 0.000010
0.977065 0.000010 0.010831 0.000010 0.012074 0.000010
0.999950 0.000010 0.000010 0.000010 0.000010 0.000010
0.999950 0.000010 0.000010 0.000010 0.000010 0.000010
0.991312 0.000010 0.000010 0.000010 0.008648 0.000010
0.978420 0.000010 0.016889 0.000010 0.003392 0.001279
0.983286 0.000010 0.011230 0.000010 0.005454 0.000010
0.990073 0.004078 0.003349 0.000010 0.002479 0.000010
0.980348 0.000010 0.013184 0.000010 0.006438 0.000010
0.991817 0.000010 0.000193 0.000010 0.000010 0.007960
0.998944 0.000010 0.000010 0.000010 0.001016 0.000010
0.998655 0.000010 0.000010 0.000010 0.001305 0.000010
0.993050 0.000010 0.004079 0.002841 0.000010 0.000010
0.992281 0.000010 0.007674 0.000010 0.000016 0.000010
0.009473 0.089659 0.135039 0.763001 0.002818 0.000010
0.000010 0.177651 0.205354 0.563158 0.002837 0.050990
0.000010 0.088165 0.140920 0.730996 0.015507 0.024402
0.992950 0.000010 0.007010 0.000010 0.000010 0.000010
0.990327 0.000010 0.009633 0.000010 0.000010 0.000010
0.990518 0.000010 0.009442 0.000010 0.000010 0.000010
0.988030 0.000010 0.000010 0.000016 0.011924 0.000010
0.999950 0.000010 0.000010 0.000010 0.000010 0.000010
0.986856 0.000010 0.013104 0.000010 0.000010 0.000010
0.993176 0.000010 0.006775 0.000010 0.000019 0.000010
0.993968 0.000010 0.000010 0.002311 0.003692 0.000010
0.991689 0.000010 0.000010 0.000010 0.008271 0.000010
0.999950 0.000010 0.000010 0.000010 0.000010 0.000010
0.990576 0.000010 0.009384 0.000010 0.000010 0.000010
0.977124 0.000010 0.000010 0.000010 0.000010 0.022836
0.963074 0.000010 0.022890 0.014006 0.000010 0.000010
0.999946 0.000010 0.000010 0.000010 0.000014 0.000010
0.999407 0.000010 0.000010 0.000010 0.000553 0.000010
0.999950 0.000010 0.000010 0.000010 0.000010 0.000010
0.999950 0.000010 0.000010 0.000010 0.000010 0.000010
0.997116 0.000010 0.002844 0.000010 0.000010 0.000010
0.995353 0.000010 0.000010 0.000010 0.004607 0.000010
0.999950 0.000010 0.000010 0.000010 0.000010 0.000010
0.984277 0.000010 0.008712 0.000010 0.006981 0.000010
0.999943 0.000010 0.000010 0.000010 0.000017 0.000010
0.997145 0.000010 0.000010 0.000010 0.002815 0.000010
0.999950 0.000010 0.000010 0.000010 0.000010 0.000010
0.997200 0.000010 0.002760 0.000010 0.000010 0.000010
0.996973 0.000010 0.000010 0.000010 0.002987 0.000010
0.985913 0.000010 0.007340 0.000010 0.006716 0.000010
0.999496 0.000010 0.000464 0.000010 0.000010 0.000010
0.975470 0.000010 0.000010 0.000010 0.018954 0.005545
0.999950 0.000010 0.000010 0.000010 0.000010 0.000010
0.988080 0.000010 0.000959 0.000010 0.010930 0.000010
0.994848 0.000010 0.005112 0.000010 0.000010 0.000010
0.999950 0.000010 0.000010 0.000010 0.000010 0.000010
0.991648 0.000010 0.000010 0.000010 0.008312 0.000010
0.999950 0.000010 0.000010 0.000010 0.000010 0.000010
0.009626 0.174271 0.132323 0.661940 0.015744 0.006096
0.000010 0.166036 0.174076 0.641189 0.014972 0.003717
0.000010 0.072816 0.102964 0.805201 0.018998 0.000010
0.008994 0.089528 0.160504 0.737684 0.003280 0.000010
0.999950 0.000010 0.000010 0.000010 0.000010 0.000010
0.991437 0.000010 0.008523 0.000010 0.000010 0.000010
0.999949 0.000011 0.000010 0.000010 0.000010 0.000010
0.999950 0.000010 0.000010 0.000010 0.000010 0.000010
0.981985 0.000010 0.000010 0.000010 0.017975 0.000010
0.987402 0.000010 0.004624 0.000010 0.007944 0.000010
0.996166 0.000010 0.003794 0.000010 0.000010 0.000010
0.988488 0.000010 0.011472 0.000010 0.000010 0.000010
0.991356 0.000010 0.000010 0.000010 0.008604 0.000010
0.990051 0.000010 0.000297 0.000010 0.009623 0.000010
0.994748 0.000014 0.000010 0.000010 0.005208 0.000010
0.999638 0.000010 0.000010 0.000010 0.000322 0.000010
0.980937 0.000010 0.006450 0.000010 0.012583 0.000010
0.996132 0.000017 0.000010 0.000010 0.003821 0.000010
0.999950 0.000010 0.000010 0.000010 0.000010 0.000010
0.985122 0.000010 0.005584 0.004560 0.004714 0.000010
0.978647 0.000010 0.011239 0.000010 0.010084 0.000010
0.990204 0.003988 0.005233 0.000010 0.000554 0.000010
0.999950 0.000010 0.000010 0.000010 0.000010 0.000010
0.992073 0.000010 0.007883 0.000010 0.000015 0.000010
0.999950 0.000010 0.000010 0.000010 0.000010 0.000010
0.993950 0.000011 0.000010 0.000010 0.006009 0.000010
0.990254 0.000010 0.000010 0.000010 0.009706 0.000010
0.996615 0.000010 0.000010 0.000010 0.003345 0.000010
0.996893 0.000010 0.000010 0.003067 0.000010 0.000010
0.991115 0.000010 0.000010 0.008819 0.000036 0.000010
0.992498 0.000010 0.000010 0.000010 0.000010 0.007462
0.999950 0.000010 0.000010 0.000010 0.000010 0.000010
0.000010 0.036439 0.091622 0.851632 0.011116 0.009180
0.000010 0.062252 0.115654 0.782175 0.022580 0.017329
0.018567 0.105994 0.206724 0.666328 0.002377 0.000010
0.000010 0.056885 0.120813 0.807546 0.009344 0.005402
0.000010 0.086861 0.122919 0.780119 0.010080 0.000010
0.000010 0.048977 0.077942 0.857031 0.016030 0.000010
0.000010 0.135542 0.148089 0.708365 0.007983 0.000010
0.000010 0.080803 0.072378 0.846789 0.000010 0.000010
0.000010 0.099450 0.235632 0.652555 0.012344 0.000010
0.985840 0.000010 0.000010 0.000010 0.003831 0.010299
0.983448 0.000010 0.000010 0.000010 0.016512 0.000010
0.972351 0.000010 0.001316 0.000010 0.014858 0.011456
0.988784 0.000010 0.000010 0.000010 0.011176 0.000010
0.965376 0.000010 0.000010 0.000010 0.005047 0.029548
0.975882 0.000010 0.000010 0.000010 0.024078 0.000010
0.979448 0.000010 0.000010 0.000010 0.015162 0.005360
0.972756 0.000010 0.000010 0.000010 0.024660 0.002554
0.970532 0.000010 0.003297 0.002016 0.011143 0.013001
0.964827 0.000010 0.000010 0.000010 0.013933 0.021210
0.985812 0.000010 0.000010 0.000010 0.014148 0.000010
0.973201 0.001310 0.000010 0.000010 0.019446 0.006023
0.982463 0.000010 0.000010 0.000010 0.017497 0.000010
0.972473 0.000010 0.000010 0.000010 0.023086 0.004411
0.985699 0.002214 0.000010 0.000010 0.012057 0.000010
0.000010 0.095052 0.110341 0.792804 0.000010 0.001784
0.016168 0.123514 0.142955 0.702939 0.013214 0.001210
0.002761 0.231655 0.135684 0.629781 0.000109 0.000010
0.000010 0.215879 0.197135 0.550373 0.009248 0.027356
0.000010 0.210275 0.187958 0.581736 0.009940 0.010081
0.000170 0.084562 0.152180 0.749853 0.006146 0.007090
0.019322 0.119354 0.111543 0.735559 0.008691 0.005531
0.000010 0.136019 0.174582 0.680149 0.007831 0.001409
0.012007 0.099524 0.120892 0.759312 0.006323 0.001942
0.000010 0.077823 0.147015 0.772121 0.003021 0.000010
0.011780 0.322748 0.140204 0.520692 0.002421 0.002155
0.008326 0.189112 0.123354 0.669696 0.004540 0.004972
0.015752 0.073605 0.143302 0.767321 0.000010 0.000010
0.000010 0.104030 0.141354 0.741423 0.013173 0.000010
0.000010 0.075924 0.174634 0.711442 0.010063 0.027927
0.000010 0.065399 0.164082 0.763212 0.000010 0.007288
0.000010 0.107007 0.134131 0.748519 0.010323 0.000010
0.010490 0.080151 0.152927 0.745493 0.010930 0.000010
0.004550 0.119163 0.056409 0.813351 0.006516 0.000010
0.018344 0.201379 0.175889 0.559728 0.021658 0.023002
0.000010 0.170539 0.128480 0.666316 0.012251 0.022405
0.000010 0.090563 0.227272 0.671644 0.009211 0.001300
0.024490 0.213971 0.146577 0.610538 0.004414 0.000010
0.000010 0.102751 0.171840 0.710597 0.000010 0.014793
0.044375 0.117807 0.114677 0.713477 0.000010 0.009653
0.000010 0.144450 0.188185 0.636368 0.008673 0.022314
0.000010 0.175904 0.128334 0.692685 0.000010 0.003057
0.008051 0.172205 0.143065 0.653271 0.005134 0.018273
0.006917 0.233899 0.138791 0.600693 0.005999 0.013701
0.016836 0.147520 0.123074 0.708573 0.003987 0.000010
0.005619 0.106332 0.142483 0.741098 0.004458 0.000010
0.028160 0.093391 0.156227 0.700509 0.020154 0.001558
0.000010 0.104050 0.145626 0.728178 0.003723 0.018412
0.015403 0.148769 0.168371 0.659394 0.008053 0.000010
0.000010 0.183989 0.135276 0.680705 0.000010 0.000010
0.000010 0.093172 0.135030 0.756871 0.000010 0.014908
0.000010 0.070570 0.100021 0.814820 0.003234 0.011346
0.004860 0.227547 0.129023 0.638550 0.000010 0.000010
0.000010 0.623277 0.065430 0.295049 0.005228 0.011006
0.016356 0.144563 0.154236 0.681812 0.003024 0.000010
0.012389 0.118494 0.149416 0.718758 0.000932 0.000010
0.000010 0.038528 0.085490 0.855035 0.009822 0.011114
0.008592 0.011462 0.305758 0.668515 0.004995 0.000677
0.000033 0.020678 0.121366 0.833674 0.000010 0.024239
0.021869 0.055012 0.252262 0.659837 0.011011 0.000010
0.000010 0.070813 0.233774 0.683798 0.011595 0.000010
0.000010 0.145435 0.274359 0.574815 0.005370 0.000010
0.000010 0.101260 0.261925 0.603137 0.017441 0.016226
0.000010 0.072210 0.256074 0.635457 0.011125 0.025125
0.000013 0.077057 0.257671 0.657299 0.000010 0.007949
0.008811 0.020501 0.160710 0.801197 0.004306 0.004475
0.000010 0.134697 0.230413 0.610947 0.023924 0.000010
0.017732 0.116395 0.284998 0.577614 0.003250 0.000010
0.000010 0.030160 0.321925 0.611580 0.007751 0.028574
0.000356 0.186571 0.278407 0.534646 0.000010 0.000010
0.000010 0.050900 0.258517 0.654673 0.007494 0.028406
0.000010 0.206050 0.345957 0.425143 0.000010 0.022831
0.000010 0.079411 0.252184 0.655734 0.009889 0.002771
0.025322 0.102827 0.436422 0.432864 0.002555 0.000010
0.013363 0.195377 0.157063 0.618098 0.016089 0.000010
0.002154 0.105724 0.159982 0.680206 0.012693 0.039241
0.000010 0.095744 0.136178 0.753069 0.000010 0.014989
0.012059 0.232795 0.152822 0.602305 0.000010 0.000010
0.000010 0.032091 0.068195 0.848988 0.000010 0.050706
0.004868 0.132254 0.159349 0.696234 0.000010 0.007286
0.028082 0.202112 0.132421 0.637364 0.000010 0.000010
0.000010 0.081953 0.060613 0.848277 0.009137 0.000010
0.000010 0.076426 0.108394 0.782983 0.021306 0.010880
0.000010 0.103698 0.163645 0.710136 0.022501 0.000010
0.016775 0.074941 0.178093 0.695957 0.003034 0.031201
0.000010 0.145059 0.154916 0.683106 0.009856 0.007054
0.006129 0.131757 0.187363 0.670818 0.000010 0.003924
0.029444 0.184207 0.235744 0.542371 0.008224 0.000010
0.032411 0.200235 0.211388 0.543430 0.000010 0.012526
0.006898 0.156769 0.222745 0.590531 0.023048 0.000010
0.000010 0.087582 0.205880 0.665367 0.000010 0.041151
0.000010 0.061876 0.150600 0.779191 0.008314 0.000010
0.004082 0.178010 0.158136 0.641456 0.018306 0.000010
0.000010 0.039348 0.107535 0.812276 0.009880 0.030952
0.016921 0.096340 0.131185 0.724611 0.009759 0.021185
0.000010 0.131497 0.111103 0.746619 0.010761 0.000010
0.000010 0.700626 0.084770 0.214574 0.000010 0.000010
0.000010 0.523050 0.046339 0.407329 0.011628 0.011644
0.028993 0.206088 0.171997 0.585523 0.007390 0.000010
0.003894 0.106490 0.128664 0.702025 0.007967 0.050960
0.000010 0.089998 0.314281 0.568563 0.002003 0.025145
0.015097 0.016840 0.247467 0.713521 0.007065 0.000010
0.012719 0.048545 0.219628 0.711944 0.007155 0.000010
0.009870 0.167699 0.300102 0.519351 0.002968 0.000010
0.000010 0.012909 0.171352 0.807536 0.001016 0.007178
0.000010 0.018684 0.289237 0.674986 0.016733 0.000350
0.012727 0.045922 0.119581 0.821750 0.000010 0.000010
0.000010 0.128842 0.291739 0.569805 0.009594 0.000010
0.006138 0.059244 0.261738 0.657910 0.014960 0.000010
0.024708 0.105049 0.258801 0.605609 0.000010 0.005824
0.019573 0.189479 0.272176 0.511044 0.007719 0.000010
0.005788 0.011434 0.052137 0.916437 0.005454 0.008751
0.000010 0.025736 0.340423 0.619291 0.014530 0.000010
0.019594 0.028521 0.277696 0.674169 0.000010 0.000010
0.004736 0.037517 0.260123 0.685691 0.011923 0.000010
0.021203 0.072915 0.227930 0.650801 0.017251 0.009900
0.000010 0.230491 0.154113 0.615366 0.000010 0.000010
0.000010 0.123025 0.177548 0.668200 0.006232 0.024985
0.018769 0.142244 0.173924 0.649535 0.000010 0.015518
0.016534 0.166364 0.179168 0.631563 0.006361 0.000010
0.000010 0.222450 0.164160 0.576029 0.011007 0.026344
0.024658 0.110972 0.084243 0.769996 0.002602 0.007528
0.000010 0.133590 0.130994 0.723543 0.006108 0.005755
0.021839 0.103080 0.180026 0.695035 0.000010 0.000010
0.001884 0.139988 0.100643 0.742187 0.004730 0.010568
0.000010 0.103164 0.180747 0.706642 0.009427 0.000010
0.000010 0.000010 0.037589 0.953850 0.003366 0.005175
0.018263 0.003523 0.567490 0.410705 0.000010 0.000010
0.000431 0.362208 0.208996 0.423244 0.005111 0.000010
0.000010 0.039317 0.398117 0.557554 0.004993 0.000010
0.000010 0.074331 0.211499 0.674963 0.000010 0.039186
0.019987 0.043463 0.386970 0.549560 0.000010 0.000010
0.000010 0.058179 0.383260 0.522699 0.013686 0.022167
0.000010 0.017001 0.273187 0.699945 0.009846 0.000010
0.000010 0.026518 0.215740 0.749966 0.000010 0.007755
0.004631 0.026804 0.170895 0.779796 0.017865 0.000010
0.000010 0.068649 0.308554 0.589131 0.015504 0.018153
0.000010 0.021844 0.279068 0.699058 0.000010 0.000010
0.000010 0.072907 0.249846 0.651072 0.001721 0.024443
0.004913 0.065333 0.237891 0.671333 0.014749 0.005781
0.011845 0.121963 0.240293 0.620088 0.005801 0.000010
0.001465 0.204687 0.285274 0.496137 0.012427 0.000010
0.005995 0.117582 0.264204 0.579942 0.013604 0.018672
0.017406 0.134695 0.233343 0.614536 0.000010 0.000010
0.003895 0.156931 0.510502 0.321779 0.000010 0.006883
0.000010 0.039865 0.322064 0.632483 0.005567 0.000010
0.000991 0.037088 0.270908 0.689713 0.001289 0.000010
0.000010 0.157153 0.291902 0.547412 0.000010 0.003512
0.017479 0.088611 0.299688 0.584981 0.009230 0.000010
0.000010 0.055511 0.373288 0.553982 0.010795 0.006414
0.000010 0.033563 0.260304 0.688297 0.001011 0.016815
0.004533 0.064685 0.253462 0.664226 0.004180 0.008914
0.000010 0.072933 0.150920 0.743237 0.015650 0.017251
0.000010 0.269034 0.294015 0.431077 0.005854 0.000010
0.017827 0.178823 0.180594 0.604013 0.010214 0.008530
0.009474 0.217814 0.154587 0.594737 0.009321 0.014067
0.001950 0.094417 0.131771 0.769663 0.000010 0.002188
0.000010 0.174849 0.212480 0.602422 0.007820 0.002419
0.000010 0.152326 0.174076 0.651513 0.009048 0.013027
0.000010 0.174445 0.188623 0.615758 0.018503 0.002661
0.007158 0.183582 0.150028 0.624766 0.006428 0.028037
0.010065 0.117999 0.109086 0.753331 0.000010 0.009509
0.000010 0.097631 0.239137 0.654007 0.009205 0.000010
0.003095 0.137121 0.183583 0.665235 0.009868 0.001098
0.004757 0.145645 0.174690 0.641437 0.000010 0.033461
0.002005 0.103356 0.282669 0.610425 0.001535 0.000010
0.022105 0.034094 0.237580 0.683734 0.011909 0.010578
0.000010 0.047611 0.515861 0.429269 0.007239 0.000010
0.020593 0.020383 0.114484 0.838190 0.000010 0.006339
0.000010 0.032557 0.046748 0.912723 0.007952 0.000010
0.000010 0.179745 0.222947 0.578983 0.008087 0.010228
0.021278 0.018620 0.403261 0.521535 0.001599 0.033708
0.013078 0.029613 0.557756 0.397488 0.002055 0.000010
0.024384 0.105648 0.266332 0.603610 0.000016 0.000010
0.000010 0.080666 0.242061 0.669032 0.008221 0.000010
0.016486 0.040356 0.381363 0.559405 0.002380 0.000010
0.015383 0.063332 0.368533 0.522714 0.000010 0.030028
0.000010 0.042702 0.408499 0.548769 0.000010 0.000010
0.000010 0.178158 0.386974 0.398662 0.006868 0.029330
0.008450 0.303931 0.305979 0.369626 0.004853 0.007160
0.000010 0.212031 0.285660 0.488647 0.013642 0.000010
0.003138 0.019251 0.196879 0.778290 0.002432 0.000010
0.000423 0.023281 0.189201 0.768244 0.004390 0.014461
0.019032 0.042897 0.357358 0.558219 0.008349 0.014145
0.000010 0.028651 0.182708 0.788611 0.000010 0.000010
0.000010 0.048999 0.113708 0.834077 0.003196 0.000010
0.005797 0.343216 0.245420 0.384619 0.000010 0.020938
0.000010 0.037522 0.370421 0.592028 0.000010 0.000010
0.000010 0.160812 0.150981 0.662531 0.005278 0.020388
0.000010 0.032879 0.133494 0.823713 0.004655 0.005249
0.000010 0.019871 0.154652 0.809582 0.015875 0.000010
0.000010 0.030152 0.205698 0.737989 0.000010 0.026142
0.016863 0.112182 0.395823 0.475111 0.000010 0.000010
0.022412 0.118183 0.374228 0.485152 0.000015 0.000010
0.008173 0.050768 0.361760 0.578040 0.001248 0.000010
0.031089 0.063966 0.332081 0.572843 0.000010 0.000010
0.009696 0.022314 0.005437 0.937003 0.000548 0.025001
0.000011 0.028807 0.021128 0.929791 0.000010 0.020253
0.004483 0.003678 0.012524 0.955500 0.005744 0.018072
0.016559 0.036166 0.002663 0.942502 0.000010 0.002100
0.004988 0.016703 0.003381 0.952409 0.008055 0.014463
0.011599 0.032287 0.014139 0.932078 0.009887 0.000010
0.000010 0.028092 0.000010 0.937599 0.015990 0.018300
0.000010 0.012938 0.016090 0.957292 0.013660 0.000010
0.000010 0.006189 0.010242 0.979463 0.004086 0.000010
0.000010 0.006712 0.020372 0.965636 0.003317 0.003953
0.000010 0.010148 0.008817 0.976774 0.004240 0.000010
0.000010 0.000015 0.017542 0.969989 0.012432 0.000010
0.000010 0.010562 0.000010 0.985614 0.003794 0.000010
0.002371 0.004941 0.019278 0.970087 0.003312 0.000010
0.000010 0.000010 0.015457 0.984503 0.000010 0.000010
0.020480 0.000010 0.008080 0.971407 0.000013 0.000010
0.008025 0.014678 0.004478 0.958288 0.014522 0.000010
0.000014 0.029922 0.009269 0.942437 0.018348 0.000010
0.014884 0.027268 0.000010 0.936036 0.015116 0.006686
0.003691 0.023607 0.016603 0.956079 0.000010 0.000010
0.022190 0.030484 0.006094 0.927709 0.000010 0.013513
0.000010 0.036519 0.007311 0.940678 0.006241 0.009241
0.013454 0.021416 0.016609 0.938596 0.009916 0.000010
0.001561 0.029033 0.013019 0.940640 0.000010 0.015737
0.012422 0.051373 0.234270 0.691119 0.010415 0.000401
0.009235 0.396456 0.216174 0.362121 0.007778 0.008237
0.000010 0.220271 0.315298 0.423665 0.003787 0.036968
0.000010 0.001104 0.689269 0.297478 0.001643 0.010496
0.013100 0.027050 0.464535 0.486297 0.009009 0.000010
0.000010 0.000970 0.643065 0.337623 0.006796 0.011535
0.000010 0.000010 0.931848 0.068112 0.000010 0.000010
0.000010 0.072756 0.411558 0.492109 0.000010 0.023557
0.000281 0.016680 0.631211 0.351808 0.000010 0.000010
0.005298 0.009703 0.020944 0.241156 0.036734 0.686164
0.055274 0.000010 0.016531 0.248701 0.016906 0.662578
0.008016 0.000010 0.027692 0.265113 0.030171 0.668998
0.007442 0.008616 0.006272 0.329924 0.018470 0.629276
0.973919 0.000010 0.000010 0.000010 0.000010 0.026041
0.934866 0.000010 0.000010 0.000010 0.033569 0.031535
0.952576 0.004392 0.000010 0.000010 0.014264 0.028748
0.955387 0.000435 0.000434 0.005586 0.007755 0.030404
0.959456 0.000010 0.000010 0.000010 0.014057 0.026457
0.971079 0.000010 0.003744 0.000010 0.020510 0.004647
0.006151 0.045091 0.009377 0.925325 0.014046 0.000010
0.013069 0.013191 0.000010 0.947245 0.017200 0.009285
0.018121 0.011487 0.000010 0.958477 0.009548 0.002357
0.003513 0.012223 0.015316 0.958813 0.010126 0.000010
0.014148 0.014895 0.007031 0.946320 0.017596 0.000010
0.013528 0.008818 0.024028 0.944652 0.008964 0.000010
0.010510 0.016011 0.012485 0.946611 0.013288 0.001094
0.007982 0.036573 0.003427 0.951999 0.000010 0.000010
0.003874 0.000010 0.021862 0.933924 0.000010 0.040320
0.000010 0.029045 0.002212 0.931333 0.014069 0.023332
0.022542 0.010063 0.013849 0.938438 0.006061 0.009045
0.002428 0.018442 0.025412 0.950764 0.002944 0.000010
0.000010 0.000010 0.000010 0.958913 0.011172 0.029885
0.015864 0.018114 0.005312 0.953938 0.006762 0.000010
0.000010 0.025622 0.020026 0.945395 0.008937 0.000010
0.014891 0.013801 0.012746 0.946491 0.012061 0.000010
0.007298 0.005285 0.015926 0.963680 0.007801 0.000010
0.032214 0.027080 0.009237 0.931449 0.000010 0.000010
0.000010 0.083321 0.005230 0.901248 0.010181 0.000010
0.000149 0.053712 0.001839 0.922961 0.016270 0.005070
0.000010 0.003387 0.016310 0.948551 0.000010 0.031732
0.013995 0.011763 0.020284 0.930370 0.000010 0.023577
0.000425 0.037848 0.023434 0.904688 0.016428 0.017177
0.000010 0.040556 0.003622 0.911049 0.018177 0.026586
0.000063 0.022416 0.000736 0.960649 0.007535 0.008602
0.000010 0.001468 0.026737 0.937274 0.011294 0.023217
0.002094 0.007925 0.014551 0.955758 0.019663 0.000010
0.000010 0.013569 0.004074 0.961544 0.009879 0.010924
0.000010 0.004818 0.006170 0.977708 0.011283 0.000010
0.002781 0.021895 0.013221 0.952663 0.009430 0.000010
0.000010 0.012669 0.013233 0.966755 0.007323 0.000010
0.000010 0.012924 0.017605 0.953301 0.000010 0.016150
0.006112 0.007002 0.001108 0.969328 0.004229 0.012220
0.014071 0.008273 0.002717 0.964108 0.010821 0.000010
0.015008 0.031991 0.008258 0.944723 0.000010 0.000010
0.000010 0.023975 0.007953 0.957216 0.010837 0.000010
0.000010 0.061074 0.017823 0.919998 0.001084 0.000010
0.010941 0.064834 0.011487 0.912713 0.000015 0.000010
0.000010 0.039724 0.019031 0.924706 0.016519 0.000010
0.003693 0.021165 0.000118 0.962213 0.006995 0.005816
0.000010 0.000010 0.019712 0.972101 0.008157 0.000010
0.001815 0.000010 0.007206 0.990120 0.000839 0.000010
0.000010 0.034744 0.009449 0.931971 0.000530 0.023296
0.009579 0.034289 0.001200 0.949791 0.005131 0.000010
0.000010 0.033212 0.003123 0.955752 0.007893 0.000010
0.000010 0.022416 0.013133 0.941384 0.000010 0.023047
0.002955 0.044055 0.010821 0.929337 0.007376 0.005456
0.000010 0.024880 0.000010 0.954019 0.008085 0.012996
0.012392 0.000010 0.009723 0.976226 0.001639 0.000010
0.000010 0.009704 0.017303 0.962247 0.000010 0.010726
0.019252 0.017716 0.000010 0.963002 0.000010 0.000010
0.000010 0.028918 0.010152 0.912657 0.010966 0.037297
0.000010 0.016508 0.005243 0.959951 0.007088 0.011200
0.000010 0.012119 0.000010 0.958320 0.022529 0.007012
0.000010 0.002878 0.004097 0.966653 0.001140 0.025222
0.001767 0.044121 0.007793 0.925562 0.009713 0.011045
0.004659 0.010993 0.009880 0.966239 0.008219 0.000010
0.026410 0.023633 0.000101 0.935681 0.005087 0.009089
0.004378 0.015136 0.028615 0.946576 0.005284 0.000010
0.002518 0.005091 0.013101 0.979271 0.000010 0.000010
0.000010 0.027664 0.002184 0.960218 0.009914 0.000010
0.000010 0.012204 0.011429 0.976337 0.000010 0.000010
0.000720 0.008148 0.023848 0.936110 0.014165 0.017008
0.000010 0.000010 0.018030 0.965839 0.016100 0.000010
0.006988 0.000010 0.018944 0.973448 0.000600 0.000010
0.000010 0.025758 0.000010 0.961673 0.012539 0.000010
0.006879 0.015479 0.020166 0.945135 0.012332 0.000010
0.000011 0.021813 0.005317 0.965699 0.007150 0.000010
0.008368 0.003026 0.013826 0.974442 0.000328 0.000010
0.007520 0.000010 0.021217 0.955924 0.012289 0.003041
0.000010 0.000010 0.011220 0.975664 0.013086 0.000010
0.006694 0.000010 0.022103 0.945223 0.015130 0.010840
0.000010 0.000010 0.016086 0.940420 0.009566 0.033907
0.993677 0.000010 0.000010 0.000010 0.006283 0.000010
0.962710 0.003516 0.000010 0.000010 0.030176 0.003578
0.988453 0.000010 0.000010 0.000010 0.011507 0.000010
0.975640 0.000010 0.002901 0.000010 0.021429 0.000010
0.981545 0.000010 0.018415 0.000010 0.000010 0.000010
0.989787 0.000010 0.000010 0.000010 0.010173 0.000010
0.999950 0.000010 0.000010 0.000010 0.000010 0.000010
0.977803 0.000282 0.000010 0.000010 0.017536 0.004359
0.971822 0.000010 0.000954 0.000010 0.017660 0.009544
0.971586 0.000010 0.000010 0.000010 0.028374 0.000010
0.979240 0.000010 0.000010 0.000010 0.019985 0.000745
0.982174 0.000010 0.000010 0.000010 0.017786 0.000010
0.981929 0.000010 0.000010 0.000010 0.018031 0.000010
0.983514 0.000010 0.000010 0.000010 0.004086 0.012371
0.991822 0.000010 0.000010 0.000010 0.008138 0.000010
0.987824 0.000010 0.004184 0.000010 0.007961 0.000010
0.985231 0.003164 0.000010 0.000010 0.011576 0.000010
0.985074 0.000010 0.000010 0.000010 0.014886 0.000010
0.986752 0.000010 0.000010 0.000010 0.010210 0.003008
0.964294 0.000010 0.001251 0.000010 0.020034 0.014402
0.992056 0.000010 0.000010 0.000010 0.007904 0.000010
0.964881 0.002465 0.002431 0.000010 0.024679 0.005534
0.966607 0.000010 0.001583 0.007270 0.012520 0.012010
0.970427 0.000010 0.000010 0.005971 0.007979 0.015603
0.967364 0.000010 0.000010 0.000010 0.004537 0.028069
0.964693 0.000010 0.000010 0.000010 0.015143 0.020134
0.959419 0.000010 0.006394 0.003818 0.009754 0.020605
0.972304 0.000010 0.000010 0.000010 0.000010 0.027656
0.956348 0.000010 0.000010 0.000010 0.008834 0.034788
0.950638 0.000185 0.008317 0.000010 0.020967 0.019882
0.945009 0.000010 0.000010 0.000010 0.016375 0.038586
0.958179 0.000010 0.000010 0.005914 0.018939 0.016948
0.959480 0.006048 0.000010 0.000355 0.010577 0.023530
0.980358 0.000010 0.004314 0.000010 0.015298 0.000010
0.970374 0.000010 0.000010 0.006083 0.010302 0.013221
0.940886 0.006679 0.003680 0.000010 0.023585 0.025160
0.932210 0.000010 0.000010 0.000010 0.013157 0.054602
0.961905 0.000010 0.000010 0.000010 0.014625 0.023440
0.954149 0.005738 0.002100 0.004472 0.017676 0.015865
0.980211 0.000010 0.000010 0.003512 0.013416 0.002841
0.971210 0.000010 0.002853 0.000010 0.011057 0.014861
0.953442 0.005439 0.000010 0.000010 0.021701 0.019399
0.964830 0.000010 0.000010 0.002146 0.009248 0.023756
0.972425 0.000010 0.005849 0.000010 0.019334 0.002372
0.958347 0.000010 0.002145 0.000010 0.019792 0.019696
0.978856 0.000010 0.000010 0.001437 0.000010 0.019677
0.941618 0.007764 0.000010 0.003289 0.031713 0.015606
0.953804 0.000010 0.000998 0.000010 0.013817 0.031361
0.968340 0.000010 0.001641 0.007385 0.010302 0.012322
0.963185 0.002950 0.000010 0.000010 0.008244 0.025601
0.959292 0.000010 0.000010 0.000010 0.019714 0.020964
0.946577 0.009220 0.000010 0.000010 0.014553 0.029630
0.970431 0.000010 0.008394 0.000010 0.021145 0.000010
0.956984 0.006860 0.000010 0.008530 0.017834 0.009783
0.946943 0.000010 0.007430 0.000010 0.010037 0.035570
0.965155 0.000010 0.000010 0.000010 0.016481 0.018334
0.004327 0.846960 0.000655 0.135116 0.000716 0.012226
0.087021 0.559652 0.000010 0.061921 0.020594 0.270802
0.000010 0.972428 0.000010 0.017557 0.009046 0.000948
0.000010 0.847273 0.011591 0.141106 0.000010 0.000010
0.000010 0.951830 0.000010 0.048130 0.000010 0.000010
0.018504 0.886199 0.000010 0.093548 0.001729 0.000010
0.008547 0.958575 0.000131 0.032555 0.000010 0.000182
0.000010 0.882361 0.005812 0.108101 0.000010 0.003706
0.002789 0.079148 0.676242 0.235689 0.000010 0.006122
0.008084 0.111944 0.558852 0.312456 0.000010 0.008654
0.016711 0.920760 0.000010 0.058398 0.004111 0.000010
0.009678 0.961361 0.000010 0.020693 0.000010 0.008248
0.000010 0.890681 0.000253 0.092018 0.003026 0.014012
0.000738 0.851343 0.011368 0.136132 0.000409 0.000010
0.000010 0.912375 0.000010 0.085930 0.001665 0.000010
0.000010 0.014675 0.836866 0.148430 0.000010 0.000010
0.000010 0.003488 0.771849 0.191495 0.000010 0.033148
0.000010 0.000010 0.961838 0.038122 0.000010 0.000010
0.006659 0.000010 0.765476 0.225217 0.000010 0.002628
0.000010 0.001306 0.934538 0.064126 0.000010 0.000010
0.084117 0.130119 0.656476 0.129268 0.000010 0.000010
0.000010 0.000010 0.999945 0.000015 0.000010 0.000010
0.000010 0.000010 0.920936 0.079024 0.000010 0.000010
0.000010 0.000010 0.793489 0.206471 0.000010 0.000010
0.044532 0.091500 0.618119 0.245830 0.000010 0.000010
0.000010 0.001322 0.711068 0.283257 0.004334 0.000010
0.008990 0.034448 0.651689 0.304422 0.000010 0.000441
0.000010 0.000010 0.996921 0.003039 0.000010 0.000010
0.000010 0.006444 0.754144 0.239383 0.000010 0.000010
0.000010 0.042711 0.810258 0.147000 0.000010 0.000010
0.000010 0.010486 0.822478 0.161707 0.000010 0.005308
0.399125 0.012705 0.492383 0.093033 0.002744 0.000010
0.000010 0.016589 0.778582 0.204799 0.000010 0.000010
0.021539 0.026225 0.603859 0.347952 0.000010 0.000415
0.063272 0.180160 0.623667 0.129222 0.003156 0.000522
0.000010 0.060655 0.834177 0.088568 0.006630 0.009960
0.000010 0.016429 0.958908 0.011451 0.003797 0.009405
0.000010 0.012249 0.901161 0.086560 0.000010 0.000010
0.000010 0.000010 0.886248 0.094740 0.000010 0.018982
