0.000010 0.000010 0.000010 0.028012 0.000010 0.064982 0.053912 0.015623 0.837412 0.000010 0.000010
0.000010 0.000010 0.000010 0.027008 0.000010 0.095897 0.068459 0.000010 0.808566 0.000010 0.000010
0.125294 0.326547 0.000010 0.000010 0.126409 0.021186 0.000010 0.005107 0.000010 0.000010 0.395409
0.139774 0.345854 0.000010 0.000010 0.119666 0.009737 0.000010 0.000010 0.011926 0.000010 0.372993
0.000010 0.000010 0.000010 0.006525 0.000010 0.016174 0.974191 0.000010 0.003041 0.000010 0.000010
0.000010 0.059595 0.164422 0.000010 0.000010 0.011147 0.001652 0.001302 0.013412 0.748430 0.000010
0.081251 0.002194 0.010127 0.000010 0.376121 0.014816 0.000010 0.000010 0.002998 0.000010 0.512453
0.000010 0.000010 0.000010 0.411330 0.000010 0.000010 0.588580 0.000010 0.000010 0.000010 0.000010
0.000010 0.000010 0.999900 0.000010 0.000010 0.000010 0.000010 0.000010 0.000010 0.000010 0.000010
0.000010 0.014728 0.028686 0.002817 0.000010 0.000010 0.000010 0.000010 0.000010 0.948057 0.005653
0.000010 0.000010 0.967645 0.000010 0.000010 0.000010 0.000010 0.000010 0.000010 0.032265 0.000010
0.000010 0.000010 0.000010 0.021868 0.000010 0.000010 0.000010 0.978042 0.000010 0.000010 0.000010
0.000010 0.000010 0.000010 0.000010 0.000010 0.000010 0.000010 0.000010 0.999900 0.000010 0.000010
0.000010 0.180044 0.000010 0.000186 0.035327 0.000010 0.000010 0.000010 0.015739 0.000010 0.768644
0.000010 0.000010 0.012812 0.000010 0.000010 0.000010 0.000010 0.000010 0.000010 0.987098 0.000010
0.054872 0.016667 0.008066 0.000010 0.419633 0.008860 0.000010 0.000010 0.005909 0.000010 0.485952
0.035901 0.000013 0.000010 0.006150 0.384875 0.032068 0.000010 0.000010 0.010996 0.000010 0.529956
0.064559 0.000010 0.000010 0.000010 0.455181 0.013751 0.000010 0.012789 0.000010 0.000010 0.453660
0.063901 0.000010 0.000010 0.000010 0.368935 0.000010 0.000010 0.006867 0.003154 0.000010 0.557084
0.079745 0.000010 0.005568 0.000010 0.382616 0.000010 0.000010 0.003793 0.008347 0.000010 0.519881
0.079352 0.000010 0.000010 0.000010 0.435171 0.031217 0.000010 0.000010 0.000010 0.000010 0.454190
0.090982 0.000010 0.000010 0.000010 0.419866 0.000010 0.000010 0.000010 0.009417 0.000010 0.479665
0.082148 0.018110 0.007446 0.000010 0.405909 0.000010 0.000010 0.001673 0.000010 0.000010 0.484664
0.074136 0.000010 0.000010 0.000010 0.384377 0.010978 0.000010 0.006455 0.000010 0.004030 0.519973
0.093136 0.000010 0.000010 0.000010 0.413895 0.000010 0.000010 0.003506 0.000010 0.000010 0.489393
0.068958 0.000010 0.001009 0.000010 0.446554 0.000010 0.000010 0.000010 0.000010 0.000010 0.483409
0.079927 0.027033 0.000010 0.000010 0.449184 0.000010 0.000010 0.006479 0.000010 0.000010 0.437317
0.047323 0.000010 0.001133 0.004287 0.401422 0.000010 0.000491 0.000010 0.000010 0.001409 0.543895
0.045209 0.022214 0.000010 0.000010 0.466350 0.010494 0.000010 0.000010 0.000010 0.000010 0.455673
0.095799 0.000010 0.003103 0.000010 0.422106 0.000010 0.000010 0.000722 0.000010 0.000010 0.478210
0.087938 0.026425 0.000010 0.000010 0.383317 0.000010 0.000010 0.000801 0.000010 0.000010 0.501460
0.089167 0.005015 0.000010 0.000010 0.378266 0.000465 0.000010 0.000010 0.000010 0.000010 0.527027
0.057854 0.017063 0.000010 0.000010 0.449625 0.000010 0.000010 0.000010 0.000010 0.000010 0.475389
0.103956 0.000010 0.000010 0.000010 0.377308 0.000010 0.000010 0.000010 0.007318 0.000010 0.511348
0.065240 0.000010 0.000010 0.000010 0.414022 0.000010 0.002631 0.007997 0.000010 0.000010 0.510050
0.058057 0.000010 0.007956 0.000010 0.449536 0.004245 0.000010 0.000010 0.005782 0.000010 0.474373
0.040244 0.000010 0.001923 0.003366 0.406747 0.023690 0.003451 0.007587 0.000010 0.000010 0.512964
0.053599 0.000010 0.001623 0.000010 0.435922 0.000010 0.000010 0.002377 0.000010 0.000010 0.506420
0.047933 0.000010 0.000065 0.004731 0.434378 0.000010 0.000010 0.000010 0.000010 0.000010 0.512833
0.062890 0.000010 0.000010 0.000010 0.451396 0.000010 0.000010 0.000010 0.000010 0.000010 0.485634
0.045064 0.000010 0.000010 0.000010 0.413531 0.000010 0.000010 0.009617 0.000010 0.000010 0.531719
0.067573 0.000010 0.015014 0.000010 0.408038 0.000010 0.000010 0.001158 0.000010 0.000010 0.508157
0.094287 0.000010 0.000010 0.000010 0.462582 0.000010 0.000010 0.001201 0.008087 0.011335 0.422459
0.067376 0.000010 0.000010 0.000010 0.378415 0.008191 0.000010 0.003386 0.008598 0.000010 0.533985
0.077970 0.000010 0.005603 0.000346 0.353300 0.005857 0.000010 0.000010 0.004830 0.000010 0.552054
0.067531 0.027476 0.000010 0.000010 0.407775 0.008322 0.000010 0.000010 0.002640 0.000010 0.486204
0.063816 0.022080 0.000010 0.000010 0.469670 0.000010 0.000010 0.000010 0.000010 0.000010 0.444364
0.078849 0.009774 0.000010 0.000010 0.386222 0.000597 0.000010 0.000010 0.001336 0.000010 0.523172
0.084986 0.018516 0.002630 0.000010 0.392097 0.015014 0.000010 0.002530 0.000588 0.000010 0.483609
0.049118 0.018743 0.000010 0.000010 0.381556 0.010174 0.000010 0.000010 0.000010 0.000010 0.540349
0.063943 0.000019 0.010664 0.000010 0.377917 0.000010 0.000010 0.000010 0.007707 0.000010 0.539699
0.098882 0.000010 0.007807 0.000010 0.432814 0.000010 0.000010 0.010857 0.002006 0.000010 0.447585
0.049701 0.007972 0.009535 0.000010 0.428939 0.000010 0.000010 0.002816 0.000010 0.000010 0.500986
0.064303 0.015143 0.000010 0.000010 0.440413 0.004247 0.000010 0.000010 0.001198 0.000010 0.474645
0.062498 0.000443 0.000010 0.000010 0.370829 0.003635 0.000010 0.000010 0.000010 0.000010 0.562535
0.048434 0.000010 0.000010 0.000010 0.428938 0.000010 0.000596 0.009957 0.007872 0.000010 0.504154
0.070392 0.018895 0.000219 0.000010 0.405236 0.000010 0.000010 0.000015 0.000010 0.010728 0.494475
0.029528 0.000010 0.000010 0.000010 0.402084 0.002455 0.000010 0.003921 0.009612 0.000010 0.552350
0.082298 0.001974 0.000010 0.000010 0.434539 0.000010 0.000010 0.000010 0.000039 0.000010 0.481091
0.060171 0.000010 0.013723 0.000010 0.413181 0.000010 0.000010 0.000010 0.003578 0.000010 0.509288
0.016188 0.012961 0.000010 0.000010 0.388273 0.025233 0.000010 0.000010 0.000964 0.000010 0.556331
0.076756 0.034245 0.000965 0.000010 0.423919 0.001803 0.000010 0.005447 0.004478 0.001604 0.450762
0.034812 0.057206 0.000253 0.000010 0.424916 0.000010 0.000010 0.000011 0.012561 0.000010 0.470201
0.053006 0.010552 0.005941 0.000010 0.427159 0.003457 0.000010 0.000010 0.000010 0.000010 0.499835
0.032142 0.000010 0.000010 0.000010 0.452105 0.000010 0.014113 0.000010 0.002923 0.000010 0.498657
0.041177 0.035946 0.002683 0.000010 0.410110 0.037039 0.007040 0.001149 0.005710 0.000010 0.459126
0.057958 0.001656 0.000010 0.000010 0.454460 0.000010 0.000010 0.000010 0.016054 0.000010 0.469812
0.066234 0.034198 0.000010 0.000010 0.422002 0.007441 0.000010 0.000010 0.000010 0.000010 0.470064
0.035445 0.051320 0.000010 0.000010 0.440301 0.000010 0.000010 0.000010 0.000010 0.000010 0.472863
0.045127 0.009812 0.000010 0.000010 0.402142 0.000010 0.000010 0.009832 0.011107 0.000010 0.521930
0.033116 0.005191 0.000010 0.000010 0.392786 0.014302 0.018375 0.007528 0.000010 0.000010 0.528662
0.081252 0.000010 0.000010 0.000010 0.427070 0.000010 0.000010 0.003594 0.012096 0.000010 0.475928
0.073142 0.000010 0.000010 0.019008 0.386989 0.000010 0.000010 0.007534 0.007400 0.000010 0.505877
0.075988 0.014195 0.000010 0.000010 0.392185 0.000010 0.000010 0.000010 0.008978 0.000010 0.508594
0.071569 0.020673 0.000010 0.000010 0.428660 0.003793 0.000010 0.000010 0.006315 0.000010 0.468940
0.015509 0.000010 0.000010 0.047743 0.815157 0.000010 0.000010 0.000010 0.000010 0.000010 0.121522
0.000010 0.009184 0.000010 0.037421 0.786720 0.000010 0.011720 0.000010 0.000010 0.000010 0.154894
0.027134 0.000010 0.000010 0.022558 0.702916 0.000010 0.000010 0.009912 0.008097 0.000010 0.229333
0.000010 0.002110 0.013334 0.045209 0.793462 0.000010 0.000889 0.000010 0.000010 0.000010 0.144946
0.003508 0.028517 0.000010 0.041920 0.802528 0.000010 0.000010 0.006602 0.000010 0.010809 0.106076
0.000010 0.007464 0.000010 0.037566 0.781713 0.010715 0.000010 0.001249 0.009606 0.001606 0.150052
0.000010 0.033507 0.000010 0.039449 0.789326 0.000010 0.000010 0.000743 0.000010 0.000010 0.136914
0.000010 0.025702 0.000010 0.052895 0.792204 0.000010 0.000010 0.000010 0.000010 0.000010 0.129129
0.020022 0.141237 0.004484 0.035629 0.613740 0.000010 0.000010 0.000010 0.000010 0.006765 0.178084
0.034124 0.000010 0.003866 0.038668 0.799520 0.000010 0.000010 0.019213 0.000010 0.000010 0.104558
0.016239 0.015937 0.002140 0.035106 0.805187 0.000010 0.009774 0.011011 0.005228 0.000010 0.099358
0.020234 0.000010 0.015519 0.044029 0.817392 0.000010 0.000133 0.000010 0.001275 0.000010 0.101379
0.000010 0.033520 0.000010 0.041776 0.793112 0.000010 0.000010 0.009375 0.011669 0.004852 0.105655
0.000010 0.037979 0.000010 0.050335 0.796729 0.000010 0.000010 0.009822 0.000010 0.000010 0.105075
0.000010 0.000010 0.000010 0.032010 0.785045 0.000010 0.000010 0.000010 0.004856 0.002100 0.175930
0.000010 0.007413 0.000010 0.061073 0.723227 0.000010 0.000010 0.006210 0.010720 0.000010 0.191307
0.048459 0.001342 0.001324 0.024880 0.679903 0.000010 0.004872 0.000187 0.000010 0.010573 0.228440
0.091949 0.003206 0.000010 0.000010 0.381283 0.000010 0.000010 0.018829 0.000010 0.000010 0.504673
0.095808 0.012424 0.000010 0.000010 0.386167 0.002311 0.000010 0.000010 0.009469 0.000010 0.493770
0.070836 0.000010 0.010309 0.000010 0.383090 0.000010 0.000010 0.000010 0.000010 0.000010 0.535694
0.078215 0.000010 0.000010 0.000010 0.385111 0.016744 0.000010 0.000010 0.008246 0.000010 0.511624
0.073173 0.039987 0.001593 0.000010 0.397941 0.010602 0.000010 0.000010 0.000010 0.000010 0.476654
0.055335 0.017837 0.014966 0.000010 0.407022 0.000010 0.000010 0.000010 0.000010 0.000010 0.504780
0.073149 0.021245 0.000010 0.000010 0.395125 0.000010 0.000010 0.010343 0.001450 0.000010 0.498638
0.065253 0.042793 0.000010 0.000010 0.385974 0.017529 0.000010 0.001598 0.002129 0.000010 0.484683
0.038801 0.007893 0.004581 0.000010 0.433978 0.000010 0.000083 0.000010 0.004436 0.015658 0.494540
0.069367 0.000010 0.000010 0.000010 0.437374 0.000010 0.000010 0.000010 0.000010 0.000010 0.493179
0.060624 0.053810 0.000010 0.000010 0.426680 0.006763 0.000010 0.007283 0.006073 0.000010 0.438728
0.089929 0.005103 0.004593 0.000010 0.399100 0.000010 0.000409 0.006886 0.000010 0.000010 0.493941
0.085055 0.041054 0.000010 0.000010 0.360771 0.000010 0.000010 0.005170 0.008834 0.000010 0.499067
0.049120 0.044623 0.002807 0.000010 0.426178 0.002075 0.000010 0.000010 0.000010 0.000010 0.475147
0.067973 0.002653 0.000010 0.000010 0.423141 0.000010 0.000010 0.000010 0.016925 0.000010 0.489248
0.048413 0.000010 0.000010 0.000764 0.407932 0.000010 0.007060 0.011157 0.001741 0.000010 0.522892
0.088749 0.045285 0.000010 0.000010 0.341041 0.000568 0.000353 0.000010 0.000010 0.000010 0.523954
0.091359 0.005675 0.000010 0.004421 0.366454 0.000010 0.000010 0.009816 0.002761 0.000010 0.519474
0.058924 0.015038 0.002292 0.000010 0.400492 0.006037 0.001792 0.000010 0.001972 0.000010 0.513422
0.041765 0.019405 0.003448 0.000010 0.386754 0.003290 0.000010 0.000010 0.006113 0.005056 0.534139
0.071837 0.007348 0.001509 0.000010 0.360794 0.000010 0.003834 0.000010 0.012764 0.002832 0.539051
0.088237 0.000010 0.005705 0.000010 0.414019 0.000010 0.000010 0.000010 0.000010 0.000010 0.491969
0.034053 0.000010 0.002409 0.000010 0.442471 0.010338 0.000010 0.000010 0.002911 0.000010 0.507768
0.079617 0.018880 0.000010 0.000010 0.388136 0.003228 0.000010 0.002325 0.000010 0.000010 0.507764
0.056031 0.000010 0.000010 0.000010 0.393676 0.000010 0.001093 0.000010 0.000010 0.000010 0.549130
0.094959 0.000010 0.000010 0.000010 0.393226 0.000010 0.000010 0.000247 0.000010 0.000010 0.511498
0.062649 0.012783 0.000010 0.000010 0.456810 0.000010 0.000010 0.000010 0.008971 0.000010 0.458727
0.057823 0.016509 0.000010 0.000010 0.392034 0.000010 0.000010 0.000010 0.006076 0.000010 0.527498
0.058134 0.042788 0.000010 0.000010 0.376238 0.008342 0.000010 0.000010 0.000010 0.000010 0.514438
0.060368 0.003028 0.000010 0.000010 0.407167 0.013911 0.000010 0.000010 0.013144 0.000010 0.502333
0.055368 0.000010 0.004846 0.000010 0.391299 0.000010 0.000010 0.002918 0.002296 0.000010 0.543224
0.042165 0.000010 0.000010 0.000010 0.426435 0.002738 0.002345 0.008277 0.000010 0.000010 0.517991
0.000010 0.040142 0.013781 0.038217 0.778393 0.000010 0.000010 0.002202 0.007054 0.000945 0.119236
0.000010 0.012474 0.000010 0.041246 0.833646 0.000010 0.000010 0.000010 0.011904 0.000010 0.100670
0.014780 0.000010 0.000010 0.025946 0.787542 0.000010 0.000012 0.011990 0.000010 0.000010 0.159681
0.000010 0.000010 0.003232 0.000010 0.886958 0.000010 0.031033 0.000010 0.013052 0.000010 0.065665
0.000010 0.003419 0.000010 0.023772 0.743446 0.000010 0.000010 0.000010 0.016453 0.000010 0.212850
0.000010 0.006069 0.000457 0.058419 0.876329 0.005683 0.000689 0.002959 0.004036 0.003237 0.042112
0.004786 0.059021 0.000010 0.039973 0.866077 0.000010 0.000010 0.000010 0.006393 0.000010 0.023701
0.000010 0.006186 0.000010 0.027564 0.700260 0.000010 0.022475 0.005321 0.004578 0.000010 0.233575
0.003917 0.014313 0.000010 0.028133 0.735773 0.000010 0.021864 0.000010 0.000010 0.000010 0.195949
0.045795 0.000010 0.000010 0.001145 0.683767 0.000010 0.021145 0.000010 0.005737 0.000010 0.242362
0.000010 0.014719 0.010641 0.026736 0.820022 0.000010 0.001996 0.018898 0.013811 0.002699 0.090459
0.037878 0.000010 0.007854 0.015144 0.669134 0.000010 0.000010 0.018230 0.004910 0.000010 0.246810
0.015254 0.029084 0.000011 0.033824 0.803322 0.002919 0.000010 0.004290 0.000010 0.003880 0.107395
0.000010 0.000010 0.000010 0.052743 0.779468 0.000010 0.000010 0.000010 0.011636 0.000010 0.156083
0.026543 0.000010 0.000010 0.014072 0.790295 0.000010 0.018865 0.011391 0.006538 0.000010 0.132255
0.009843 0.012919 0.000010 0.033870 0.794295 0.000010 0.019115 0.000359 0.002201 0.000010 0.127370
0.003994 0.019766 0.010900 0.011487 0.805796 0.000019 0.000010 0.015859 0.007483 0.010199 0.114489
0.000010 0.000010 0.000010 0.037842 0.872877 0.000010 0.008697 0.000010 0.000010 0.000010 0.080514
0.003281 0.023957 0.004703 0.041687 0.861161 0.000010 0.000010 0.000010 0.007187 0.000010 0.057983
0.000010 0.023000 0.000010 0.044528 0.889598 0.008278 0.000010 0.000010 0.002507 0.000010 0.032040
0.027957 0.017191 0.000010 0.000010 0.776451 0.000010 0.045316 0.000010 0.008126 0.000010 0.124909
0.000010 0.031348 0.000010 0.049431 0.837261 0.000010 0.000019 0.000010 0.011182 0.000010 0.070711
0.000010 0.000010 0.010365 0.021885 0.890437 0.000010 0.000010 0.004594 0.002730 0.000263 0.069685
0.023351 0.000010 0.000010 0.054294 0.713075 0.000010 0.000010 0.001444 0.000010 0.008670 0.199116
0.032371 0.036606 0.000010 0.021134 0.755028 0.003266 0.029440 0.000010 0.000010 0.000010 0.122115
0.022339 0.012915 0.000010 0.020332 0.779409 0.000010 0.029807 0.002415 0.000010 0.000010 0.132743
0.000010 0.000010 0.001906 0.025753 0.765956 0.000010 0.007105 0.003401 0.000010 0.000010 0.195829
0.016459 0.020609 0.000010 0.022996 0.690796 0.000010 0.001084 0.000010 0.000010 0.005927 0.242090
0.020898 0.002827 0.000010 0.034151 0.703046 0.005725 0.000010 0.013409 0.007799 0.008399 0.203726
0.033509 0.003930 0.000010 0.030224 0.812133 0.000010 0.008302 0.000010 0.006723 0.000010 0.105139
0.003202 0.043929 0.000010 0.030683 0.751550 0.000010 0.000010 0.009297 0.006830 0.004770 0.149709
0.006512 0.031216 0.000010 0.015983 0.794529 0.000010 0.014056 0.003491 0.000010 0.000010 0.134173
0.006833 0.000010 0.006831 0.032370 0.804969 0.006131 0.000010 0.007755 0.005623 0.003387 0.126081
0.003163 0.059337 0.000010 0.021782 0.755111 0.000010 0.010226 0.014167 0.002652 0.000010 0.133532
0.000010 0.001040 0.000010 0.024628 0.793822 0.002569 0.012748 0.005920 0.008660 0.000010 0.150583
0.000010 0.027208 0.018750 0.032075 0.828260 0.000010 0.000010 0.006437 0.015239 0.000010 0.071991
0.000010 0.007730 0.002658 0.040585 0.873301 0.000010 0.000010 0.000010 0.000010 0.000010 0.075666
0.000010 0.020831 0.000010 0.048103 0.881563 0.000010 0.000010 0.015382 0.002087 0.000010 0.031985
0.000010 0.000010 0.000010 0.054451 0.808475 0.000010 0.000010 0.017529 0.000010 0.000010 0.119475
0.000010 0.057824 0.000010 0.038985 0.802295 0.006816 0.000010 0.000010 0.000010 0.000010 0.094020
0.000010 0.000010 0.000010 0.016796 0.767443 0.000010 0.000010 0.007877 0.000598 0.014324 0.192912
0.007255 0.027534 0.000010 0.017935 0.712097 0.008425 0.002482 0.016849 0.000010 0.000010 0.207394
0.013681 0.000010 0.000010 0.039723 0.716657 0.012318 0.000010 0.000010 0.004008 0.000010 0.213562
0.011404 0.019991 0.003330 0.035736 0.753348 0.000010 0.000010 0.001393 0.000010 0.000010 0.174757
0.022593 0.049777 0.000010 0.030173 0.714616 0.014534 0.003043 0.009147 0.006426 0.000010 0.149671
0.008570 0.000010 0.000010 0.016832 0.730720 0.000010 0.000010 0.014305 0.004055 0.000010 0.225469
0.000010 0.034058 0.000010 0.027637 0.760943 0.000010 0.007571 0.004939 0.001455 0.000010 0.163356
0.000010 0.039940 0.004274 0.048253 0.795447 0.000010 0.000010 0.000010 0.000010 0.000010 0.112026
0.000886 0.010958 0.000010 0.023217 0.734195 0.000010 0.000010 0.008954 0.000010 0.000010 0.221739
0.000010 0.000010 0.005177 0.026706 0.833833 0.000010 0.000010 0.000010 0.000010 0.000010 0.134214
0.005046 0.040661 0.000010 0.030675 0.776761 0.000015 0.010919 0.000010 0.006017 0.000010 0.129875
0.053104 0.074171 0.000696 0.023570 0.608593 0.000010 0.000010 0.000010 0.010015 0.010148 0.219672
0.000010 0.013488 0.000010 0.022680 0.803767 0.000010 0.029936 0.000010 0.014903 0.000010 0.115175
0.000010 0.000010 0.000010 0.029770 0.825666 0.000010 0.000010 0.015133 0.006738 0.004176 0.118466
0.023199 0.000010 0.000010 0.039840 0.618873 0.000010 0.000010 0.009063 0.009710 0.000010 0.299264
0.000010 0.000010 0.000013 0.042712 0.791581 0.000010 0.000704 0.000010 0.008193 0.000010 0.156748
0.000010 0.000010 0.002739 0.023924 0.740633 0.000010 0.000010 0.016602 0.004590 0.000010 0.211462
0.000010 0.000010 0.000010 0.046145 0.807344 0.000010 0.000010 0.000010 0.006503 0.000010 0.139938
0.034655 0.003141 0.000742 0.009554 0.661956 0.000010 0.000010 0.000010 0.003401 0.006035 0.280487
0.000010 0.034505 0.002720 0.016149 0.787579 0.000010 0.021235 0.006317 0.003470 0.002832 0.125173
0.000010 0.000010 0.000010 0.022830 0.779946 0.000010 0.034412 0.000010 0.005919 0.000010 0.156833
0.019536 0.000010 0.000010 0.024890 0.742219 0.000010 0.000010 0.001679 0.000010 0.000010 0.211616
0.009928 0.024524 0.000010 0.049644 0.781836 0.000010 0.000010 0.000010 0.003414 0.006726 0.123888
0.000010 0.020510 0.000010 0.027935 0.796246 0.000010 0.000010 0.004117 0.007954 0.000010 0.143187
0.000010 0.015254 0.008023 0.034131 0.905798 0.000010 0.002836 0.006748 0.000010 0.000010 0.027169
0.017347 0.011929 0.000010 0.041320 0.723671 0.000010 0.000010 0.000010 0.009347 0.000010 0.196336
0.013861 0.014760 0.000010 0.023042 0.740598 0.008764 0.008988 0.006952 0.000010 0.000080 0.182935
0.000010 0.039859 0.011688 0.032421 0.895609 0.010060 0.001323 0.000010 0.008365 0.000010 0.000645
0.005036 0.000010 0.000010 0.021945 0.771065 0.005881 0.010856 0.000216 0.005513 0.000010 0.179457
0.000512 0.051724 0.000010 0.002606 0.822964 0.000010 0.032107 0.000010 0.008940 0.000048 0.081068
0.000010 0.019885 0.009706 0.030435 0.835525 0.000010 0.007244 0.019130 0.000010 0.000010 0.078035
0.015648 0.010182 0.000010 0.032994 0.761782 0.012291 0.008987 0.007528 0.000010 0.004297 0.146272
0.000010 0.024346 0.000010 0.061999 0.758349 0.000010 0.000172 0.000010 0.000010 0.000010 0.155074
0.000010 0.015091 0.000010 0.034797 0.916365 0.000010 0.000010 0.011310 0.012978 0.002521 0.006896
0.010876 0.008610 0.000010 0.037163 0.802219 0.000010 0.000010 0.023693 0.000010 0.000010 0.117389
0.025757 0.038554 0.000535 0.028194 0.733906 0.000010 0.012634 0.002743 0.001853 0.000010 0.155803
0.000010 0.000010 0.000010 0.049584 0.754926 0.000010 0.000010 0.000010 0.000010 0.000010 0.195410
0.000010 0.026938 0.008391 0.046641 0.825702 0.000010 0.002921 0.007557 0.000010 0.000010 0.081810
0.000010 0.000010 0.004169 0.039051 0.825116 0.000010 0.000010 0.010078 0.004861 0.000010 0.116674
0.009507 0.031259 0.000010 0.037230 0.694555 0.000010 0.000010 0.000010 0.022937 0.000010 0.204461
0.000010 0.032469 0.000010 0.056932 0.713408 0.000010 0.076967 0.043452 0.000010 0.000010 0.076721
0.000010 0.000010 0.004637 0.054004 0.784501 0.001769 0.005188 0.000010 0.005132 0.000010 0.144729
0.037508 0.001959 0.000010 0.000010 0.805485 0.000010 0.029697 0.000881 0.006469 0.000010 0.117962
0.024267 0.050356 0.000937 0.004986 0.676648 0.000010 0.024272 0.002185 0.000010 0.000010 0.216319
0.000010 0.000010 0.000010 0.013095 0.817968 0.012859 0.012587 0.000010 0.001390 0.000010 0.142051
0.000010 0.007112 0.000010 0.036205 0.833394 0.000010 0.000010 0.013472 0.016393 0.000010 0.093375
0.000010 0.018468 0.000010 0.029009 0.867756 0.000010 0.000010 0.000010 0.011347 0.002375 0.070996
0.022756 0.000010 0.000010 0.026764 0.745438 0.019853 0.000010 0.008063 0.000010 0.000010 0.177076
0.000010 0.000010 0.000010 0.332011 0.000010 0.000010 0.666943 0.000010 0.000965 0.000010 0.000010
0.000010 0.000010 0.000010 0.313863 0.000010 0.000010 0.676793 0.009262 0.000012 0.000010 0.000010
0.000010 0.000010 0.003398 0.304880 0.000010 0.000010 0.691642 0.000010 0.000010 0.000010 0.000010
0.000010 0.000010 0.000010 0.264417 0.000010 0.000010 0.735493 0.000010 0.000010 0.000010 0.000010
0.000010 0.000010 0.000010 0.308142 0.000010 0.000010 0.677235 0.006778 0.007775 0.000010 0.000010
0.000010 0.000010 0.000010 0.320753 0.000010 0.000010 0.675092 0.000010 0.004075 0.000010 0.000010
0.000010 0.000010 0.000010 0.296916 0.000010 0.000010 0.702994 0.000010 0.000010 0.000010 0.000010
0.000010 0.000010 0.000010 0.334854 0.000010 0.006693 0.658373 0.000010 0.000010 0.000010 0.000010
0.000010 0.000010 0.000010 0.278722 0.000010 0.000010 0.721188 0.000010 0.000010 0.000010 0.000010
0.000010 0.000010 0.000010 0.294069 0.000010 0.000010 0.705841 0.000010 0.000010 0.000010 0.000010
0.000010 0.000010 0.004473 0.295727 0.000010 0.000010 0.699720 0.000010 0.000010 0.000010 0.000010
0.000010 0.000010 0.000010 0.300418 0.000010 0.000010 0.699492 0.000010 0.000010 0.000010 0.000010
0.000010 0.000010 0.000010 0.267716 0.000010 0.000010 0.732194 0.000010 0.000010 0.000010 0.000010
0.000010 0.000010 0.000010 0.312665 0.000010 0.007350 0.674441 0.005474 0.000010 0.000010 0.000010
0.000010 0.000010 0.000010 0.318885 0.000010 0.000010 0.672182 0.000010 0.008852 0.000010 0.000010
0.000010 0.000010 0.000010 0.332255 0.000010 0.000010 0.664608 0.003057 0.000010 0.000010 0.000010
0.000010 0.000010 0.000010 0.288808 0.000010 0.000010 0.702976 0.007186 0.000959 0.000010 0.000010
0.000010 0.000010 0.000010 0.304133 0.000010 0.000010 0.694549 0.000010 0.001238 0.000010 0.000010
0.000010 0.000010 0.000010 0.335769 0.000010 0.000010 0.664141 0.000010 0.000010 0.000010 0.000010
0.000010 0.000010 0.000010 0.308063 0.000010 0.000010 0.688891 0.000010 0.002966 0.000010 0.000010
0.000010 0.000010 0.000010 0.296707 0.000010 0.000010 0.703203 0.000010 0.000010 0.000010 0.000010
0.000010 0.000010 0.000010 0.333596 0.004121 0.000010 0.662202 0.000010 0.000010 0.000010 0.000010
0.000010 0.000010 0.000010 0.292350 0.000010 0.000010 0.698000 0.007980 0.001600 0.000010 0.000010
0.000010 0.000010 0.000010 0.288529 0.000010 0.000010 0.711381 0.000010 0.000010 0.000010 0.000010
0.000010 0.000010 0.000010 0.339827 0.000010 0.000010 0.660083 0.000010 0.000010 0.000010 0.000010
0.000010 0.000010 0.000010 0.288514 0.000010 0.000010 0.711396 0.000010 0.000010 0.000010 0.000010
0.000010 0.000010 0.000010 0.344791 0.000010 0.000010 0.655115 0.000010 0.000014 0.000010 0.000010
0.000010 0.000010 0.000010 0.294357 0.000010 0.000010 0.692460 0.007070 0.006043 0.000010 0.000010
0.000010 0.000010 0.000010 0.325184 0.000010 0.000010 0.671284 0.003453 0.000010 0.000010 0.000010
0.000010 0.000010 0.000010 0.310267 0.000010 0.000010 0.672686 0.008163 0.008814 0.000010 0.000010
0.000010 0.000010 0.000010 0.373231 0.000010 0.000010 0.626679 0.000010 0.000010 0.000010 0.000010
0.000010 0.000010 0.000010 0.303334 0.000010 0.000010 0.696576 0.000010 0.000010 0.000010 0.000010
0.000010 0.000010 0.000010 0.280492 0.000010 0.000010 0.713746 0.000010 0.004536 0.000010 0.001156
0.000010 0.000010 0.000010 0.353704 0.000010 0.002693 0.634816 0.006907 0.001820 0.000010 0.000010
0.002298 0.000010 0.000010 0.325418 0.000010 0.000010 0.666988 0.002714 0.002522 0.000010 0.000010
0.000010 0.000010 0.000010 0.288555 0.000010 0.000010 0.707173 0.000010 0.000010 0.004192 0.000010
0.000010 0.000010 0.000010 0.320298 0.000012 0.000010 0.668277 0.006888 0.004466 0.000010 0.000010
0.006568 0.000010 0.000010 0.327573 0.000010 0.000010 0.665779 0.000010 0.000010 0.000010 0.000010
0.000010 0.000010 0.000010 0.281277 0.000010 0.000010 0.718633 0.000010 0.000010 0.000010 0.000010
0.000010 0.000010 0.000010 0.282682 0.000010 0.000010 0.717228 0.000010 0.000010 0.000010 0.000010
0.000010 0.002426 0.000010 0.333136 0.000017 0.000010 0.664016 0.000345 0.000010 0.000010 0.000010
0.000010 0.000010 0.000010 0.291385 0.000010 0.000010 0.707483 0.001052 0.000010 0.000010 0.000010
0.028040 0.103084 0.001378 0.021458 0.133316 0.000190 0.000010 0.127504 0.000583 0.078341 0.506096
0.045866 0.105366 0.015774 0.000010 0.026186 0.042588 0.000010 0.207654 0.001725 0.152430 0.402392
0.037271 0.115813 0.018919 0.001345 0.139788 0.019827 0.000010 0.136395 0.012834 0.061281 0.456516
0.000010 0.000010 0.000010 0.334092 0.000010 0.000010 0.665818 0.000010 0.000010 0.000010 0.000010
0.000010 0.000010 0.000010 0.330073 0.000010 0.000010 0.667625 0.002222 0.000010 0.000010 0.000010
0.000010 0.000010 0.000010 0.406497 0.000010 0.000010 0.593147 0.000276 0.000010 0.000010 0.000010
0.000010 0.000010 0.000010 0.312717 0.000010 0.000010 0.678549 0.000010 0.008654 0.000010 0.000010
0.001113 0.000010 0.000010 0.336006 0.000010 0.000010 0.662801 0.000010 0.000010 0.000010 0.000010
0.000010 0.000010 0.000010 0.316108 0.000010 0.000010 0.678177 0.005635 0.000010 0.000010 0.000010
0.000010 0.000010 0.000010 0.329538 0.000010 0.000010 0.670372 0.000010 0.000010 0.000010 0.000010
0.000010 0.000010 0.000010 0.352770 0.000010 0.000010 0.643684 0.000010 0.000218 0.000010 0.003258
0.000010 0.000010 0.000010 0.245950 0.000010 0.000011 0.749031 0.000010 0.004938 0.000010 0.000010
0.000010 0.000010 0.000010 0.339880 0.000010 0.000010 0.660030 0.000010 0.000010 0.000010 0.000010
0.000010 0.000010 0.000010 0.354021 0.000010 0.000010 0.645889 0.000010 0.000010 0.000010 0.000010
0.000010 0.000010 0.000010 0.307389 0.000010 0.022537 0.669993 0.000010 0.000010 0.000010 0.000010
0.001549 0.004579 0.000010 0.449832 0.007624 0.000010 0.526247 0.010118 0.000010 0.000010 0.000010
0.000010 0.000010 0.000010 0.341779 0.000010 0.000010 0.658131 0.000010 0.000010 0.000010 0.000010
0.000010 0.000010 0.000010 0.330377 0.000010 0.000010 0.669533 0.000010 0.000010 0.000010 0.000010
0.000010 0.000010 0.000010 0.308011 0.000010 0.000010 0.691899 0.000010 0.000010 0.000010 0.000010
0.000010 0.000010 0.000010 0.318296 0.000010 0.000010 0.681614 0.000010 0.000010 0.000010 0.000010
0.000010 0.000010 0.000010 0.361825 0.000010 0.000010 0.638081 0.000015 0.000010 0.000010 0.000010
0.000010 0.000010 0.000010 0.351123 0.000010 0.000010 0.646911 0.000010 0.001885 0.000010 0.000010
0.000010 0.000010 0.000010 0.297199 0.000010 0.000010 0.702711 0.000010 0.000010 0.000010 0.000010
0.000010 0.000010 0.000010 0.358408 0.000010 0.000010 0.641502 0.000010 0.000010 0.000010 0.000010
0.000010 0.000010 0.000010 0.340814 0.000010 0.000010 0.659096 0.000010 0.000010 0.000010 0.000010
0.000010 0.000010 0.000010 0.331220 0.000010 0.000010 0.668258 0.000010 0.000442 0.000010 0.000010
0.000010 0.000010 0.000010 0.313053 0.000010 0.000010 0.686857 0.000010 0.000010 0.000010 0.000010
0.000010 0.000010 0.000010 0.319928 0.000010 0.000010 0.679982 0.000010 0.000010 0.000010 0.000010
0.000010 0.000010 0.000010 0.302089 0.000010 0.000010 0.697797 0.000010 0.000034 0.000010 0.000010
0.000010 0.000010 0.000010 0.295634 0.000010 0.000010 0.694927 0.005363 0.004005 0.000010 0.000010
0.000010 0.000010 0.000010 0.285271 0.000010 0.000010 0.714639 0.000010 0.000010 0.000010 0.000010
0.000010 0.000010 0.000010 0.275111 0.000010 0.004881 0.705353 0.000010 0.014585 0.000010 0.000010
0.000010 0.000010 0.000010 0.290660 0.000010 0.000010 0.709250 0.000010 0.000010 0.000010 0.000010
0.000010 0.000010 0.000010 0.341805 0.000010 0.000010 0.649172 0.000010 0.008943 0.000010 0.000010
0.000010 0.000010 0.000010 0.329939 0.000010 0.000010 0.669971 0.000010 0.000010 0.000010 0.000010
0.000010 0.000010 0.000010 0.352575 0.000010 0.000010 0.647335 0.000010 0.000010 0.000010 0.000010
0.000010 0.000010 0.000010 0.308393 0.000010 0.000010 0.685830 0.000010 0.005696 0.000010 0.000010
0.000010 0.000010 0.000010 0.290812 0.000010 0.000010 0.709098 0.000010 0.000010 0.000010 0.000010
0.001288 0.083009 0.008820 0.012516 0.108798 0.027458 0.000010 0.129386 0.010891 0.157489 0.460334
0.022324 0.109058 0.013798 0.000010 0.103775 0.006714 0.000010 0.172444 0.013889 0.143277 0.414700
0.031368 0.083348 0.008957 0.006360 0.101473 0.002352 0.000010 0.099296 0.017026 0.056771 0.593037
0.015224 0.092641 0.000010 0.014866 0.090745 0.011609 0.000010 0.159232 0.001299 0.080544 0.533820
0.000010 0.000010 0.000010 0.184343 0.000010 0.000010 0.815567 0.000010 0.000010 0.000010 0.000010
0.000010 0.000010 0.000010 0.217571 0.000010 0.000010 0.773874 0.008475 0.000010 0.000010 0.000010
0.000010 0.000010 0.001330 0.201804 0.000434 0.000010 0.796363 0.000010 0.000010 0.000010 0.000010
0.000010 0.000010 0.000010 0.244655 0.000010 0.000010 0.755255 0.000010 0.000010 0.000010 0.000010
0.000010 0.000010 0.000010 0.225747 0.000010 0.000010 0.759670 0.000010 0.014503 0.000010 0.000010
0.000010 0.000010 0.000010 0.244518 0.000010 0.000016 0.747758 0.002995 0.004653 0.000010 0.000010
0.000010 0.000010 0.000010 0.225030 0.000010 0.000010 0.774063 0.000827 0.000010 0.000010 0.000010
0.000010 0.000010 0.000010 0.211304 0.000010 0.000010 0.777004 0.011612 0.000010 0.000010 0.000010
0.000010 0.000010 0.000010 0.234749 0.000010 0.000010 0.760669 0.000010 0.004502 0.000010 0.000010
0.000010 0.000010 0.000010 0.210758 0.000010 0.000010 0.779906 0.001096 0.008171 0.000010 0.000010
0.000010 0.000010 0.000010 0.229754 0.000010 0.000010 0.768299 0.000010 0.001866 0.000010 0.000010
0.000010 0.000010 0.000010 0.238152 0.000010 0.000010 0.761758 0.000010 0.000010 0.000010 0.000010
0.000010 0.000010 0.000010 0.203871 0.000010 0.000010 0.780480 0.006562 0.009016 0.000010 0.000010
0.000010 0.000010 0.000010 0.240333 0.000010 0.000010 0.759577 0.000010 0.000010 0.000010 0.000010
0.000010 0.000010 0.000010 0.266357 0.000010 0.000010 0.733553 0.000010 0.000010 0.000010 0.000010
0.000010 0.005479 0.000010 0.210871 0.000010 0.000010 0.773815 0.006585 0.003190 0.000010 0.000010
0.000010 0.000010 0.000010 0.213591 0.000010 0.000010 0.769955 0.010288 0.006095 0.000010 0.000010
0.007336 0.000010 0.000010 0.244811 0.000010 0.000010 0.747709 0.000074 0.000010 0.000010 0.000010
0.000010 0.000010 0.000010 0.211511 0.000010 0.000010 0.788399 0.000010 0.000010 0.000010 0.000010
0.000010 0.000010 0.000010 0.281159 0.000010 0.000010 0.717768 0.000993 0.000010 0.000010 0.000010
0.000010 0.000010 0.000010 0.268428 0.000010 0.000010 0.731482 0.000010 0.000010 0.000010 0.000010
0.000010 0.000010 0.000010 0.244234 0.000010 0.000010 0.752003 0.000010 0.003683 0.000010 0.000010
0.000010 0.000010 0.000010 0.206008 0.000010 0.000010 0.789261 0.000010 0.004651 0.000010 0.000010
0.000010 0.000010 0.000010 0.210379 0.000010 0.000010 0.788237 0.000010 0.001305 0.000010 0.000010
0.000010 0.004635 0.000010 0.231761 0.000010 0.000010 0.763525 0.000010 0.000010 0.000010 0.000010
0.000010 0.000010 0.000010 0.212171 0.000010 0.000010 0.780127 0.000010 0.000010 0.000010 0.007621
0.000010 0.000010 0.000010 0.207381 0.000010 0.005297 0.787242 0.000010 0.000010 0.000010 0.000010
0.000010 0.000010 0.000010 0.230571 0.000010 0.000010 0.769339 0.000010 0.000010 0.000010 0.000010
0.033830 0.144824 0.000513 0.000018 0.137313 0.008831 0.000010 0.088979 0.009930 0.024039 0.551714
0.050451 0.124799 0.000010 0.000010 0.152448 0.006263 0.000010 0.110757 0.020022 0.054617 0.480612
0.000010 0.087336 0.011095 0.026059 0.122972 0.000010 0.000810 0.202054 0.002743 0.090355 0.456556
0.015457 0.074069 0.000012 0.002889 0.187377 0.018987 0.000010 0.113259 0.006171 0.049945 0.531824
0.000010 0.086694 0.000010 0.004774 0.141326 0.001460 0.000010 0.121739 0.009204 0.082860 0.551913
0.048742 0.059228 0.000010 0.000010 0.263275 0.000010 0.000010 0.061588 0.014170 0.045751 0.507207
0.006442 0.107207 0.003438 0.007368 0.067687 0.001921 0.000010 0.151491 0.007928 0.122655 0.523854
0.046939 0.102223 0.000010 0.000010 0.165048 0.000010 0.000010 0.066178 0.000010 0.072607 0.546955
0.024523 0.056133 0.008811 0.000010 0.066246 0.002329 0.000010 0.238085 0.012493 0.087645 0.503715
0.000010 0.000010 0.000010 0.020069 0.000010 0.007439 0.969034 0.000010 0.003387 0.000010 0.000010
0.000010 0.000010 0.000010 0.004710 0.000010 0.000010 0.982181 0.000010 0.013029 0.000010 0.000010
0.000010 0.000010 0.000010 0.026052 0.001193 0.009564 0.943939 0.010036 0.009166 0.000010 0.000010
0.000010 0.000010 0.000010 0.000010 0.000010 0.000010 0.986277 0.007257 0.006386 0.000010 0.000010
0.004828 0.000010 0.000010 0.036914 0.000010 0.025283 0.923124 0.007312 0.000739 0.000010 0.001760
0.000010 0.000010 0.002202 0.011979 0.000010 0.000010 0.959531 0.007056 0.019171 0.000010 0.000010
0.000010 0.000010 0.000010 0.009979 0.000010 0.003878 0.971471 0.000010 0.014603 0.000010 0.000010
0.002295 0.000010 0.000010 0.008460 0.000010 0.000010 0.961865 0.003321 0.023999 0.000010 0.000010
0.000010 0.000010 0.000010 0.052441 0.000010 0.014402 0.913624 0.011776 0.007696 0.000010 0.000010
0.000010 0.000010 0.000010 0.073630 0.000010 0.024012 0.890857 0.000010 0.010410 0.000010 0.001032
0.000010 0.000010 0.001051 0.021262 0.000010 0.000010 0.967527 0.000452 0.009647 0.000010 0.000010
0.000010 0.000010 0.003286 0.023939 0.000010 0.004691 0.952627 0.000010 0.015396 0.000010 0.000010
0.000010 0.000010 0.000845 0.003936 0.000010 0.000010 0.981055 0.000010 0.014094 0.000010 0.000010
0.000010 0.000010 0.000010 0.044355 0.000010 0.000010 0.930556 0.005087 0.019932 0.000010 0.000010
0.000010 0.000010 0.000010 0.020670 0.000010 0.000010 0.973568 0.000010 0.005682 0.000010 0.000010
0.019691 0.090900 0.006740 0.000010 0.177942 0.011929 0.000010 0.103242 0.000010 0.079948 0.509577
0.036550 0.075231 0.022677 0.016348 0.071539 0.007898 0.001959 0.140898 0.010121 0.095198 0.521581
0.021409 0.063536 0.000836 0.000010 0.114375 0.000010 0.008096 0.131548 0.000010 0.224720 0.435449
0.015830 0.080199 0.020753 0.000010 0.109123 0.029848 0.000010 0.194361 0.007592 0.189937 0.352338
0.043037 0.070637 0.022615 0.000010 0.090265 0.004889 0.000949 0.184476 0.008097 0.182490 0.392534
0.026106 0.107777 0.014094 0.020726 0.089970 0.007536 0.000010 0.144532 0.003161 0.057442 0.528646
0.054542 0.081923 0.000010 0.000715 0.127513 0.000010 0.021106 0.107306 0.005947 0.112440 0.488488
0.053313 0.081649 0.000010 0.000010 0.110448 0.000010 0.004617 0.169450 0.004392 0.127455 0.448646
0.057058 0.074650 0.006413 0.016266 0.162058 0.000010 0.000010 0.109765 0.003308 0.086567 0.483896
0.048223 0.088344 0.000010 0.010240 0.094246 0.000010 0.000010 0.140646 0.000944 0.068220 0.549107
0.024355 0.092169 0.018941 0.005113 0.059299 0.001620 0.008855 0.139913 0.001046 0.295267 0.353421
0.012050 0.088762 0.009694 0.000010 0.096694 0.018003 0.014978 0.120958 0.000151 0.170254 0.468444
0.032014 0.101864 0.005650 0.026171 0.135369 0.000010 0.000010 0.134714 0.000010 0.058691 0.505497
0.039006 0.078399 0.000010 0.000010 0.096380 0.003594 0.000010 0.140182 0.010800 0.099279 0.532329
0.004043 0.123244 0.015176 0.000010 0.087759 0.041984 0.000010 0.174516 0.006668 0.051769 0.494819
0.040152 0.089653 0.000010 0.000010 0.121408 0.005786 0.000010 0.160728 0.000010 0.057527 0.524706
0.001863 0.086499 0.000010 0.002307 0.044568 0.026859 0.000010 0.137173 0.009424 0.097161 0.594126
0.006587 0.092841 0.000010 0.012783 0.122228 0.013316 0.000832 0.149406 0.009500 0.072861 0.519637
0.000010 0.074698 0.013503 0.006111 0.194543 0.022878 0.000010 0.047011 0.002894 0.099817 0.538525
0.000010 0.071773 0.011834 0.012334 0.098208 0.044696 0.005611 0.172160 0.017349 0.183375 0.382649
0.014233 0.121323 0.014349 0.000010 0.106929 0.031205 0.000010 0.128129 0.008104 0.146397 0.429311
0.035812 0.086745 0.008055 0.000010 0.117835 0.001007 0.000010 0.223874 0.006498 0.076503 0.443651
0.005665 0.101370 0.036618 0.034907 0.081235 0.000014 0.000010 0.144122 0.001600 0.170893 0.423565
0.032681 0.102585 0.015290 0.000010 0.092685 0.013427 0.000010 0.171450 0.000010 0.079299 0.492554
0.021356 0.098788 0.003104 0.005932 0.128187 0.014996 0.038600 0.111826 0.000010 0.105793 0.471406
0.037665 0.072321 0.024444 0.000010 0.066934 0.025223 0.006091 0.187039 0.004376 0.113153 0.462744
0.009324 0.096818 0.003893 0.000010 0.151534 0.013328 0.000010 0.123044 0.000010 0.163371 0.438658
0.039481 0.071189 0.014428 0.016127 0.110983 0.017326 0.000010 0.136192 0.001561 0.151452 0.441253
0.018621 0.067549 0.000010 0.018217 0.103619 0.019604 0.000010 0.131964 0.001802 0.228177 0.410428
0.005889 0.098141 0.002660 0.004701 0.154200 0.010968 0.012890 0.119119 0.001159 0.137609 0.452666
0.041708 0.086524 0.000010 0.010501 0.141254 0.000010 0.000010 0.134824 0.001921 0.099625 0.483612
0.031982 0.080988 0.000010 0.005005 0.106714 0.008188 0.023827 0.153257 0.017806 0.085946 0.486278
0.039759 0.085661 0.000010 0.000010 0.100109 0.020115 0.000010 0.142397 0.002772 0.097013 0.512143
0.034793 0.087792 0.016209 0.009982 0.085597 0.000010 0.008154 0.166040 0.007016 0.125192 0.459214
0.024511 0.062434 0.000926 0.000010 0.129280 0.000010 0.002588 0.131677 0.000010 0.178922 0.469631
0.043157 0.078961 0.000508 0.000010 0.112484 0.015865 0.000011 0.133121 0.000010 0.085103 0.530770
0.026048 0.126295 0.000010 0.000010 0.171283 0.013335 0.000010 0.094278 0.001605 0.061470 0.505655
0.000549 0.101526 0.019135 0.000010 0.072469 0.000010 0.014654 0.130940 0.000010 0.200688 0.460010
0.010072 0.000010 0.021860 0.000010 0.068504 0.019082 0.000010 0.060884 0.003984 0.600764 0.214820
0.045295 0.118013 0.014617 0.016068 0.115967 0.000010 0.000010 0.149811 0.001129 0.118707 0.420372
0.017331 0.080843 0.000010 0.013810 0.121225 0.001493 0.003322 0.146844 0.000010 0.112221 0.502892
0.043160 0.049769 0.003171 0.000010 0.204752 0.016213 0.000010 0.075785 0.006891 0.032678 0.567562
0.039638 0.089665 0.006364 0.008227 0.119007 0.000010 0.002185 0.301242 0.002430 0.000010 0.431222
0.052681 0.096269 0.000010 0.011776 0.158196 0.013850 0.000010 0.110828 0.000010 0.010991 0.545380
0.047625 0.144834 0.011714 0.014861 0.113675 0.000010 0.004890 0.248102 0.008433 0.030334 0.375522
0.026609 0.091872 0.021194 0.000010 0.117826 0.001980 0.000010 0.231018 0.009732 0.043796 0.455952
0.030705 0.065551 0.015165 0.005416 0.136019 0.000010 0.000010 0.265187 0.003015 0.124783 0.354140
0.013845 0.087712 0.011167 0.000010 0.083557 0.026888 0.000010 0.261469 0.016247 0.081739 0.417357
0.016771 0.063827 0.018873 0.000010 0.101911 0.037868 0.000010 0.253727 0.008628 0.048460 0.449915
0.043802 0.081660 0.005824 0.004088 0.132778 0.000353 0.000010 0.250508 0.000010 0.064180 0.416788
0.021709 0.076234 0.002913 0.019658 0.168953 0.015050 0.000010 0.150203 0.000010 0.008291 0.536968
0.013443 0.102460 0.030423 0.000010 0.108661 0.003934 0.000010 0.229022 0.021507 0.098352 0.392178
0.038260 0.105106 0.000010 0.000010 0.081409 0.000010 0.019884 0.282587 0.001513 0.105275 0.365935
0.024070 0.066813 0.000068 0.000010 0.087206 0.034852 0.002511 0.318698 0.005428 0.023212 0.437130
0.027244 0.042091 0.007814 0.000013 0.080081 0.000010 0.003857 0.274225 0.000010 0.175924 0.388731
0.029465 0.071788 0.000010 0.000010 0.117050 0.032393 0.000010 0.254485 0.004826 0.045067 0.444898
