0.595528 0.148616 0.255857
0.603786 0.127927 0.268286
0.013939 0.019234 0.966827
0.007959 0.021315 0.970725
0.999725 0.000010 0.000265
0.024741 0.921529 0.053730
0.011150 0.004204 0.984646
0.999980 0.000010 0.000010
0.036038 0.890541 0.073420
0.000010 0.987624 0.012366
0.023494 0.953281 0.023225
0.811755 0.000010 0.188235
0.593714 0.143474 0.262812
0.000010 0.009169 0.990821
0.000010 0.999980 0.000010
0.006955 0.005406 0.987639
0.012517 0.000010 0.987473
0.013645 0.000010 0.986345
0.000010 0.003210 0.996780
0.004861 0.006239 0.988901
0.008833 0.000010 0.991157
0.011305 0.000010 0.988685
0.000010 0.005101 0.994889
0.011676 0.003780 0.984544
0.006105 0.000010 0.993885
0.000010 0.003811 0.996179
0.008789 0.000010 0.991201
0.004964 0.003503 0.991533
0.001806 0.000010 0.998184
0.007370 0.000545 0.992085
0.001126 0.000010 0.998864
0.000020 0.000010 0.999970
0.000013 0.000010 0.999977
0.005989 0.001695 0.992316
0.014572 0.000010 0.985418
0.000010 0.001452 0.998538
0.023123 0.000010 0.976867
0.000010 0.000362 0.999628
0.010554 0.000010 0.989436
0.000010 0.000010 0.999980
0.000010 0.000010 0.999980
0.000010 0.009468 0.990522
0.018767 0.014241 0.966992
0.002644 0.005634 0.991722
0.010070 0.001744 0.988186
0.000010 0.004942 0.995048
0.006060 0.000039 0.993900
0.000013 0.000010 0.999977
0.001713 0.005985 0.992302
0.000010 0.000010 0.999980
0.000010 0.000010 0.999980
0.002009 0.009333 0.988659
0.000010 0.010923 0.989067
0.007956 0.000010 0.992034
0.000010 0.000010 0.999980
0.013302 0.000010 0.986688
0.000010 0.012384 0.987606
0.000016 0.000010 0.999974
0.000020 0.000010 0.999970
0.000010 0.009982 0.990008
0.000010 0.000010 0.999980
0.006849 0.008718 0.984433
0.000010 0.000010 0.999980
0.000010 0.003134 0.996856
0.016226 0.000010 0.983764
0.025105 0.000010 0.974885
0.007191 0.001875 0.990934
0.005582 0.000010 0.994408
0.000010 0.000010 0.999980
0.008649 0.000010 0.991341
0.019393 0.000010 0.980597
0.010961 0.000010 0.989029
0.024441 0.000010 0.975549
0.010531 0.000010 0.989459
0.000010 0.000010 0.999980
0.090404 0.000010 0.909586
0.095729 0.000010 0.904261
0.063929 0.000010 0.936061
0.091481 0.003887 0.904632
0.090027 0.005266 0.904707
0.080057 0.000010 0.919933
0.078991 0.000010 0.920999
0.087416 0.000010 0.912574
0.062087 0.017904 0.920009
0.103199 0.000010 0.896791
0.101629 0.000010 0.898361
0.089049 0.000010 0.910941
0.086700 0.002233 0.911067
0.106631 0.000010 0.893359
0.064211 0.003096 0.932692
0.104596 0.000010 0.895394
0.064487 0.006176 0.929338
0.013362 0.000010 0.986628
0.002409 0.003507 0.994084
0.000010 0.004262 0.995728
0.008092 0.000010 0.991898
0.011207 0.001066 0.987726
0.000010 0.009447 0.990543
0.006133 0.000010 0.993857
0.007062 0.001015 0.991923
0.003833 0.019959 0.976207
0.000014 0.000010 0.999976
0.005855 0.000126 0.994019
0.008561 0.002020 0.989419
0.000010 0.006027 0.993963
0.001064 0.000558 0.998378
0.000010 0.000010 0.999980
0.022390 0.000010 0.977600
0.007166 0.000010 0.992824
0.011781 0.000010 0.988209
0.005353 0.002243 0.992404
0.000010 0.007505 0.992485
0.000010 0.013657 0.986333
0.000010 0.009973 0.990017
0.000474 0.006116 0.993410
0.002774 0.004875 0.992351
0.000320 0.000010 0.999670
0.000010 0.002264 0.997726
0.003020 0.000010 0.996970
0.000458 0.000010 0.999532
0.000010 0.000010 0.999980
0.007720 0.000010 0.992270
0.005910 0.002196 0.991894
0.007465 0.000010 0.992525
0.079151 0.014198 0.906651
0.082984 0.000010 0.917006
0.071341 0.000010 0.928649
0.083197 0.000010 0.916793
0.062830 0.000010 0.937160
0.115871 0.000010 0.884119
0.096686 0.000010 0.903304
0.085020 0.000010 0.914970
0.082466 0.000010 0.917524
0.055260 0.000010 0.944730
0.094206 0.005731 0.900063
0.066960 0.000010 0.933030
0.071401 0.000010 0.928589
0.093052 0.000010 0.906938
0.092634 0.000010 0.907356
0.097480 0.000010 0.902510
0.070364 0.007052 0.922585
0.096203 0.000010 0.903787
0.083806 0.000970 0.915224
0.099408 0.000010 0.900582
0.092561 0.000010 0.907429
0.101955 0.000010 0.898035
0.083499 0.000010 0.916491
0.091358 0.000010 0.908632
0.087722 0.000010 0.912268
0.084747 0.000010 0.915243
0.063620 0.000010 0.936370
0.049576 0.003242 0.947182
0.079256 0.006531 0.914213
0.088753 0.000010 0.911237
0.069795 0.003181 0.927024
0.076040 0.000010 0.923950
0.082452 0.006298 0.911250
0.088621 0.000010 0.911369
0.082921 0.000010 0.917069
0.095298 0.012221 0.892481
0.075393 0.000290 0.924317
0.111755 0.000010 0.888235
0.104824 0.000010 0.895166
0.083251 0.000010 0.916739
0.056251 0.004742 0.939007
0.067855 0.000010 0.932135
0.077879 0.000010 0.922111
0.067241 0.000010 0.932749
0.083203 0.000010 0.916787
0.055250 0.000010 0.944740
0.074959 0.000010 0.925031
0.086938 0.000554 0.912508
0.046167 0.000010 0.953823
0.068174 0.000010 0.931816
0.078707 0.000010 0.921283
0.046766 0.017880 0.935354
0.100770 0.000010 0.899220
0.091838 0.000010 0.908152
0.075225 0.000010 0.924765
0.083560 0.000010 0.916430
0.067524 0.000010 0.932466
0.088137 0.000010 0.911853
0.039088 0.001051 0.959861
0.080204 0.000010 0.919786
0.099948 0.000010 0.900042
0.051661 0.000010 0.948329
0.088449 0.005701 0.905850
0.071688 0.000010 0.928302
0.098023 0.000010 0.901967
0.076613 0.000010 0.923377
0.072192 0.000010 0.927798
0.097629 0.000010 0.902361
0.067303 0.000010 0.932687
0.079311 0.000010 0.920679
0.095760 0.000010 0.904230
0.087355 0.000010 0.912635
0.102461 0.000010 0.897529
0.103533 0.000010 0.896457
0.090831 0.000010 0.909159
0.083562 0.000010 0.916428
0.080193 0.000010 0.919797
0.108350 0.000010 0.891640
0.095950 0.000010 0.904040
0.075542 0.000010 0.924448
0.208530 0.000010 0.791460
0.096097 0.000010 0.903893
0.075388 0.000010 0.924602
0.058498 0.000010 0.941492
0.071898 0.000010 0.928092
0.089388 0.000010 0.910602
0.083395 0.001536 0.915069
0.071246 0.000010 0.928744
0.999980 0.000010 0.000010
0.999980 0.000010 0.000010
0.997893 0.002097 0.000010
0.999980 0.000010 0.000010
0.999980 0.000010 0.000010
0.999980 0.000010 0.000010
0.999980 0.000010 0.000010
0.999980 0.000010 0.000010
0.999980 0.000010 0.000010
0.999980 0.000010 0.000010
0.996083 0.003907 0.000010
0.999980 0.000010 0.000010
0.999980 0.000010 0.000010
0.999980 0.000010 0.000010
0.999980 0.000010 0.000010
0.999980 0.000010 0.000010
0.999980 0.000010 0.000010
0.999980 0.000010 0.000010
0.999980 0.000010 0.000010
0.999980 0.000010 0.000010
0.999980 0.000010 0.000010
0.999980 0.000010 0.000010
0.999980 0.000010 0.000010
0.999980 0.000010 0.000010
0.999980 0.000010 0.000010
0.999980 0.000010 0.000010
0.999980 0.000010 0.000010
0.999980 0.000010 0.000010
0.999980 0.000010 0.000010
0.999980 0.000010 0.000010
0.999980 0.000010 0.000010
0.999980 0.000010 0.000010
0.999290 0.000700 0.000010
0.999980 0.000010 0.000010
0.999980 0.000010 0.000010
0.995527 0.004463 0.000010
0.999980 0.000010 0.000010
0.996519 0.000010 0.003471
0.999980 0.000010 0.000010
0.999980 0.000010 0.000010
0.997468 0.002522 0.000010
0.999980 0.000010 0.000010
0.100424 0.088702 0.810874
0.162393 0.178178 0.659428
0.100932 0.092154 0.806914
0.999980 0.000010 0.000010
0.999980 0.000010 0.000010
0.999980 0.000010 0.000010
0.999980 0.000010 0.000010
0.999980 0.000010 0.000010
0.999980 0.000010 0.000010
0.999980 0.000010 0.000010
0.999980 0.000010 0.000010
0.999980 0.000010 0.000010
0.999980 0.000010 0.000010
0.999980 0.000010 0.000010
0.993626 0.003266 0.003107
0.985294 0.000010 0.014696
0.999980 0.000010 0.000010
0.999980 0.000010 0.000010
0.999980 0.000010 0.000010
0.999980 0.000010 0.000010
0.999980 0.000010 0.000010
0.999980 0.000010 0.000010
0.999980 0.000010 0.000010
0.999980 0.000010 0.000010
0.999980 0.000010 0.000010
0.999980 0.000010 0.000010
0.999980 0.000010 0.000010
0.999980 0.000010 0.000010
0.999980 0.000010 0.000010
0.999980 0.000010 0.000010
0.999980 0.000010 0.000010
0.995467 0.002738 0.001795
0.999980 0.000010 0.000010
0.999980 0.000010 0.000010
0.999980 0.000010 0.000010
0.999980 0.000010 0.000010
0.999980 0.000010 0.000010
0.999980 0.000010 0.000010
0.109599 0.175022 0.715379
0.111844 0.170193 0.717963
0.074108 0.075813 0.850079
0.117352 0.088433 0.794215
0.999980 0.000010 0.000010
0.999980 0.000010 0.000010
0.999980 0.000010 0.000010
0.999980 0.000010 0.000010
0.999980 0.000010 0.000010
0.999980 0.000010 0.000010
0.999980 0.000010 0.000010
0.999980 0.000010 0.000010
0.999980 0.000010 0.000010
0.999980 0.000010 0.000010
0.999980 0.000010 0.000010
0.999980 0.000010 0.000010
0.999980 0.000010 0.000010
0.999980 0.000010 0.000010
0.999980 0.000010 0.000010
0.995228 0.000010 0.004762
0.999980 0.000010 0.000010
0.994834 0.005156 0.000010
0.999980 0.000010 0.000010
0.999977 0.000013 0.000010
0.999980 0.000010 0.000010
0.999980 0.000010 0.000010
0.999980 0.000010 0.000010
0.999980 0.000010 0.000010
0.999980 0.000010 0.000010
0.992943 0.000010 0.007047
0.999980 0.000010 0.000010
0.999980 0.000010 0.000010
0.053959 0.040570 0.905471
0.078459 0.069854 0.851687
0.163632 0.106462 0.729906
0.075092 0.059615 0.865293
0.081595 0.090658 0.827747
0.041108 0.052294 0.906598
0.095584 0.139210 0.765206
0.019501 0.087457 0.893043
0.170828 0.100655 0.728517
0.998568 0.001422 0.000010
0.999980 0.000010 0.000010
0.993658 0.005213 0.001129
0.999980 0.000010 0.000010
0.981380 0.003500 0.015121
0.999128 0.000862 0.000010
0.999704 0.000286 0.000010
0.999980 0.000010 0.000010
0.990951 0.000010 0.009039
0.987302 0.004449 0.008249
0.999980 0.000010 0.000010
0.991847 0.008143 0.000010
0.999980 0.000010 0.000010
0.996270 0.003720 0.000010
0.996597 0.003393 0.000010
0.063927 0.094389 0.841684
0.120123 0.123417 0.756460
0.092444 0.234087 0.673469
0.144246 0.220491 0.635262
0.138984 0.210517 0.650500
0.105619 0.084356 0.810025
0.095966 0.120753 0.783281
0.126295 0.134671 0.739034
0.091449 0.098195 0.810355
0.091845 0.080251 0.827904
0.111204 0.322587 0.566209
0.091583 0.190655 0.717762
0.109105 0.075704 0.815191
0.095856 0.106019 0.798125
0.121007 0.079056 0.799937
0.097584 0.068919 0.833497
0.086346 0.109720 0.803934
0.119878 0.079211 0.800911
0.032544 0.122157 0.845299
0.165519 0.201540 0.632941
0.095313 0.174092 0.730595
0.145345 0.093594 0.761060
0.127954 0.212906 0.659140
0.114811 0.105254 0.779934
0.123288 0.116441 0.760271
0.147099 0.144101 0.708800
0.076804 0.177967 0.745230
0.115171 0.171558 0.713271
0.107825 0.235263 0.656912
0.099860 0.148169 0.751971
0.100613 0.107796 0.791591
0.148970 0.093072 0.757957
0.095899 0.106699 0.797402
0.138135 0.148531 0.713333
0.084879 0.185074 0.730047
0.088295 0.093609 0.818096
0.052766 0.076259 0.870975
0.090059 0.229813 0.680128
0.039005 0.631263 0.329733
0.126286 0.142811 0.730904
0.115067 0.118447 0.766486
0.055157 0.040026 0.904817
0.238678 0.002668 0.758655
0.083681 0.022094 0.894225
0.212596 0.049875 0.737529
0.157020 0.070529 0.772450
0.202627 0.141951 0.655422
0.201410 0.099168 0.699422
0.194365 0.070897 0.734739
0.183623 0.070642 0.745735
0.115226 0.015901 0.868873
0.172795 0.132571 0.694634
0.231112 0.107640 0.661248
0.247942 0.021996 0.730062
0.208644 0.180949 0.610407
0.196793 0.046573 0.756634
0.271592 0.204320 0.524088
0.164676 0.085105 0.750219
0.362910 0.091696 0.545394
0.132176 0.198702 0.669122
0.131353 0.109460 0.759187
0.088959 0.095177 0.815864
0.118954 0.233257 0.647790
0.046816 0.037100 0.916084
0.116735 0.129050 0.754215
0.119398 0.202163 0.678439
0.024496 0.089185 0.886319
0.077730 0.081493 0.840777
0.112712 0.108902 0.778386
0.149782 0.073924 0.776294
0.108021 0.146197 0.745782
0.137357 0.127856 0.734787
0.209113 0.180335 0.610552
0.188038 0.199993 0.611970
0.179882 0.158952 0.661166
0.153414 0.086501 0.760085
0.090681 0.064216 0.845104
0.121283 0.182475 0.696242
0.076231 0.042521 0.881248
0.117355 0.096092 0.786554
0.057463 0.138048 0.804489
0.051862 0.706238 0.241900
0.034272 0.528406 0.437322
0.154492 0.207997 0.637512
0.111466 0.106930 0.781604
0.241689 0.085097 0.673215
0.199514 0.010033 0.790453
0.169658 0.047235 0.783107
0.240156 0.159806 0.600038
0.115159 0.007705 0.877136
0.215768 0.016910 0.767322
0.089054 0.043348 0.867598
0.218639 0.125223 0.656138
0.208411 0.052645 0.738944
0.216043 0.099735 0.684222
0.224584 0.187565 0.587851
0.031147 0.014002 0.954851
0.258722 0.016124 0.725154
0.224799 0.020346 0.754856
0.198165 0.033053 0.768782
0.205100 0.068183 0.726717
0.106908 0.229499 0.663593
0.128531 0.126879 0.744590
0.148792 0.140749 0.710459
0.145384 0.165466 0.689150
0.117556 0.225226 0.657218
0.076052 0.112350 0.811598
0.091441 0.134538 0.774021
0.146151 0.097584 0.756265
0.067497 0.141479 0.791024
0.127973 0.103816 0.768211
0.001695 0.000010 0.998295
0.450107 0.000010 0.549883
0.158300 0.358787 0.482913
0.291891 0.028748 0.679361
0.160911 0.074818 0.764272
0.308883 0.028156 0.662961
0.305911 0.045779 0.648310
0.185935 0.014792 0.799272
0.150074 0.025089 0.824837
0.133088 0.026703 0.840209
0.236368 0.064867 0.698765
0.205316 0.013812 0.780872
0.187922 0.067083 0.744996
0.185831 0.063445 0.750724
0.189826 0.117317 0.692856
0.221963 0.204599 0.573438
0.212616 0.116860 0.670525
0.183272 0.131794 0.684934
0.402866 0.148039 0.449096
0.234132 0.032916 0.732952
0.197315 0.027133 0.775553
0.218439 0.150400 0.631160
0.242600 0.082912 0.674488
0.283221 0.050977 0.665802
0.193646 0.026010 0.780344
0.190698 0.059063 0.750239
0.105806 0.074661 0.819533
0.224817 0.269453 0.505730
0.154351 0.179050 0.666598
0.127442 0.218222 0.654336
0.087994 0.090408 0.821598
0.144922 0.176516 0.678562
0.122719 0.152778 0.724503
0.138195 0.175964 0.685842
0.122423 0.183354 0.694223
0.078003 0.118401 0.803597
0.171813 0.093053 0.735133
0.134990 0.135284 0.729726
0.132699 0.145745 0.721556
0.207889 0.096916 0.695195
0.208334 0.028848 0.762818
0.410289 0.032803 0.556907
0.096456 0.018801 0.884743
0.016566 0.038364 0.945069
0.164435 0.177450 0.658115
0.339325 0.011983 0.648692
0.449622 0.012166 0.538212
0.225326 0.098274 0.676401
0.182361 0.075411 0.742227
0.302924 0.030679 0.666397
0.300305 0.051557 0.648139
0.284960 0.045212 0.669829
0.291902 0.179651 0.528447
0.247387 0.298203 0.454410
0.216355 0.210901 0.572744
0.144532 0.012888 0.842581
0.134904 0.021512 0.843584
0.298915 0.031061 0.670023
0.118218 0.031117 0.850665
0.066324 0.054477 0.879199
0.193776 0.341725 0.464500
0.274148 0.029339 0.696512
0.112341 0.161218 0.726440
0.085341 0.030335 0.884324
0.110181 0.021706 0.868113
0.143144 0.029463 0.827393
0.318966 0.101295 0.579739
0.308903 0.103222 0.587875
0.279192 0.039713 0.681095
0.283263 0.057929 0.658808
0.003814 0.028503 0.967683
0.001592 0.035753 0.962655
0.004628 0.008577 0.986794
0.000010 0.042434 0.957556
0.000010 0.018873 0.981117
0.007774 0.037464 0.954761
0.000010 0.031724 0.968266
0.000010 0.015353 0.984637
0.000010 0.005948 0.994042
0.000010 0.009816 0.990174
0.000010 0.012548 0.987442
0.000416 0.006807 0.992777
0.000010 0.007024 0.992966
0.004160 0.008194 0.987646
0.000010 0.000010 0.999980
0.005337 0.000010 0.994653
0.000507 0.019504 0.979990
0.000010 0.036187 0.963803
0.001869 0.037052 0.961079
0.000010 0.026549 0.973441
0.008591 0.038059 0.953350
0.000010 0.037311 0.962679
0.010628 0.024858 0.964513
0.002153 0.030207 0.967641
0.185054 0.046578 0.768369
0.176445 0.395100 0.428455
0.246883 0.220266 0.532850
0.542000 0.000010 0.457990
0.377567 0.016843 0.605590
0.507230 0.000010 0.492760
0.720295 0.000010 0.279695
0.308100 0.065121 0.626779
0.487979 0.000010 0.512011
0.240786 0.055437 0.703777
0.262286 0.040196 0.697518
0.230397 0.050536 0.719067
0.201869 0.056300 0.741831
0.985689 0.005778 0.008534
0.982978 0.000010 0.017012
0.976538 0.008853 0.014609
0.975675 0.005373 0.018951
0.986864 0.002111 0.011025
0.999980 0.000010 0.000010
0.001686 0.050030 0.948284
0.003648 0.022769 0.973584
0.005397 0.017032 0.977571
0.005005 0.015432 0.979563
0.011086 0.022047 0.966867
0.015345 0.019139 0.965516
0.006506 0.022133 0.971361
0.000010 0.037428 0.962562
0.011252 0.005113 0.983635
0.000010 0.035376 0.964614
0.020165 0.014305 0.965530
0.008939 0.024297 0.966764
0.000010 0.004405 0.995585
0.004967 0.026225 0.968808
0.000010 0.028720 0.971270
0.014987 0.015016 0.969997
0.002972 0.013507 0.983521
0.018931 0.032167 0.948902
0.000010 0.080826 0.919164
0.000010 0.056935 0.943055
0.000010 0.005070 0.994920
0.017624 0.012570 0.969807
0.010290 0.044570 0.945140
0.000010 0.046162 0.953828
0.000010 0.022236 0.977754
0.004041 0.011836 0.984123
0.001108 0.016684 0.982209
0.000010 0.016169 0.983821
0.000010 0.007770 0.992220
0.000010 0.026494 0.973496
0.000010 0.015936 0.984054
0.000010 0.016157 0.983833
0.000010 0.008097 0.991893
0.005888 0.012516 0.981595
0.000694 0.038037 0.961270
0.000010 0.026780 0.973210
0.000010 0.063350 0.936640
0.000292 0.069643 0.930066
0.000010 0.048808 0.951182
0.000010 0.022294 0.977696
0.008620 0.000010 0.991370
0.000012 0.000010 0.999978
0.000010 0.036765 0.963225
0.000010 0.039279 0.960711
0.000010 0.033820 0.966170
0.000010 0.025199 0.974791
0.003915 0.046480 0.949605
0.000010 0.024857 0.975133
0.000010 0.006896 0.993094
0.000010 0.011495 0.988495
0.000010 0.021284 0.978706
0.002817 0.034818 0.962365
0.000010 0.016583 0.983407
0.000010 0.012987 0.987003
0.000010 0.003433 0.996557
0.000010 0.046104 0.953886
0.000010 0.016946 0.983044
0.010296 0.030235 0.959469
0.008045 0.019033 0.972921
0.000010 0.006551 0.993439
0.000010 0.028169 0.971821
0.000010 0.014007 0.985983
0.014290 0.012247 0.973463
0.000010 0.000010 0.999980
0.003872 0.000010 0.996118
0.000010 0.026811 0.973179
0.010427 0.016810 0.972763
0.000010 0.022967 0.977023
0.000010 0.006664 0.993326
0.013157 0.000010 0.986833
0.000010 0.000010 0.999980
0.012437 0.008634 0.978929
0.000010 0.005517 0.994473
0.998778 0.001212 0.000010
0.990900 0.009090 0.000010
0.999980 0.000010 0.000010
0.999980 0.000010 0.000010
0.999980 0.000010 0.000010
0.999980 0.000010 0.000010
0.999980 0.000010 0.000010
0.995017 0.004973 0.000010
0.996591 0.003399 0.000010
0.999980 0.000010 0.000010
0.999980 0.000010 0.000010
0.999980 0.000010 0.000010
0.999978 0.000012 0.000010
0.992940 0.000010 0.007050
0.999980 0.000010 0.000010
0.999980 0.000010 0.000010
0.995214 0.004776 0.000010
0.999980 0.000010 0.000010
0.999980 0.000010 0.000010
0.991299 0.002161 0.006540
0.999980 0.000010 0.000010
0.992116 0.007874 0.000010
0.983464 0.004217 0.012319
0.986710 0.000010 0.013280
0.987891 0.003403 0.008706
0.988845 0.006819 0.004336
0.982296 0.003270 0.014434
0.987913 0.004082 0.008005
0.979410 0.003963 0.016627
0.985170 0.004416 0.010413
0.980609 0.004530 0.014860
0.982421 0.000820 0.016758
0.980812 0.008368 0.010820
0.999980 0.000010 0.000010
0.986431 0.004100 0.009469
0.973075 0.014411 0.012514
0.967597 0.006839 0.025564
0.984985 0.002242 0.012773
0.979707 0.009111 0.011182
0.994885 0.004577 0.000538
0.992415 0.007575 0.000010
0.979827 0.009900 0.010273
0.985546 0.000010 0.014444
0.999980 0.000010 0.000010
0.990011 0.000010 0.009979
0.985339 0.003052 0.011609
0.973700 0.015845 0.010455
0.979197 0.003567 0.017237
0.984507 0.002403 0.013089
0.979289 0.006715 0.013996
0.987526 0.008431 0.004043
0.976458 0.013937 0.009605
0.995215 0.000010 0.004775
0.978123 0.010163 0.011714
0.979867 0.000243 0.019890
0.991931 0.000010 0.008059
0.004195 0.849283 0.146523
0.183537 0.579912 0.236551
0.000010 0.975539 0.024451
0.000010 0.850687 0.149303
0.000010 0.951909 0.048081
0.016588 0.887850 0.095562
0.005338 0.960198 0.034465
0.000010 0.884979 0.115011
0.548047 0.056868 0.395085
0.446149 0.101591 0.452261
0.014383 0.924937 0.060680
0.010487 0.962637 0.026877
0.000010 0.893757 0.106233
0.004874 0.855245 0.139881
0.000010 0.914160 0.085830
0.660927 0.000010 0.339063
0.610412 0.000010 0.389578
0.736588 0.000010 0.263402
0.607726 0.000010 0.392264
0.751800 0.000010 0.248190
0.602597 0.110106 0.287297
0.785879 0.000010 0.214111
0.732586 0.000010 0.267404
0.605831 0.000010 0.394159
0.538837 0.074390 0.386773
0.556303 0.000010 0.443687
0.519034 0.015757 0.465210
0.769116 0.000010 0.230874
0.570911 0.000010 0.429079
0.644869 0.022310 0.332821
0.638148 0.000010 0.361842
0.800297 0.000010 0.199693
0.607741 0.000010 0.392249
0.496956 0.002400 0.500644
0.568760 0.166826 0.264413
0.677310 0.032245 0.290444
0.775271 0.000010 0.224719
0.716057 0.000010 0.283933
0.710156 0.000010 0.289834
0.000750 0.914203 0.085047
0.007651 0.865078 0.127272
0.771982 0.000010 0.228008
0.443265 0.083632 0.473103
0.480274 0.000010 0.519716
0.766360 0.000010 0.233630
0.524103 0.000010 0.475887
0.472685 0.134467 0.392848
0.645365 0.017129 0.337506
0.745828 0.000010 0.254162
0.512592 0.000010 0.487398
0.625984 0.000010 0.374006
0.535928 0.000010 0.464062
0.577089 0.002097 0.420814
0.595693 0.000010 0.404297
0.002239 0.921299 0.076461
0.003899 0.868999 0.127103
0.129753 0.395033 0.475214
0.135471 0.629987 0.234542
0.016327 0.922881 0.060793
0.583144 0.010294 0.406562
0.712423 0.000010 0.287567
0.673959 0.000010 0.326031
0.617973 0.000010 0.382017
0.645111 0.000010 0.354879
0.242698 0.365836 0.391466
0.657601 0.000010 0.342389
0.013934 0.861699 0.124367
0.000440 0.822959 0.176601
0.010323 0.943491 0.046186
0.008138 0.954234 0.037629
0.000010 0.861107 0.138883
0.920415 0.012986 0.066599
0.965274 0.001317 0.033409
0.984509 0.006895 0.008595
0.974469 0.009765 0.015766
0.979524 0.011244 0.009233
0.993482 0.000010 0.006508
0.993647 0.006343 0.000010
0.987850 0.000010 0.012140
0.995301 0.004689 0.000010
0.993105 0.006885 0.000010
0.998436 0.001554 0.000010
0.981158 0.006079 0.012762
0.988983 0.000010 0.011007
0.980438 0.019552 0.000010
0.977447 0.002519 0.020034
0.978740 0.007740 0.013520
0.989066 0.005326 0.005607
0.003954 0.971173 0.024872
0.004548 0.973423 0.022029
0.000010 0.936277 0.063713
0.009965 0.858274 0.131761
0.973833 0.002290 0.023877
0.957052 0.016745 0.026203
0.996678 0.003312 0.000010
0.979998 0.011479 0.008522
0.981935 0.004278 0.013786
0.966788 0.019341 0.013870
0.976560 0.000010 0.023430
0.988928 0.004209 0.006863
0.975572 0.000010 0.024418
0.997213 0.000010 0.002777
0.979888 0.007636 0.012476
0.990942 0.008549 0.000510
0.991381 0.002005 0.006614
0.986137 0.004644 0.009219
0.989045 0.001279 0.009676
0.989062 0.000010 0.010928
0.995445 0.004545 0.000010
0.979962 0.004581 0.015457
0.980927 0.006819 0.012255
0.989349 0.010641 0.000010
0.988127 0.011863 0.000010
0.527823 0.000010 0.472167
0.442286 0.116029 0.441686
0.000010 0.923114 0.076876
0.659958 0.000010 0.340032
0.697031 0.000010 0.302959
0.734837 0.000010 0.265153
0.000010 0.979867 0.020123
0.006995 0.824940 0.168064
0.000010 0.916322 0.083668
0.986352 0.000010 0.013638
0.974296 0.004122 0.021582
0.977535 0.006261 0.016203
0.991958 0.002236 0.005806
0.997893 0.000010 0.002097
0.980278 0.004763 0.014959
0.994406 0.000010 0.005584
0.931938 0.016250 0.051812
0.979432 0.006485 0.014083
0.986739 0.013251 0.000010
0.974623 0.001245 0.024132
0.987390 0.007567 0.005043
0.984253 0.014016 0.001731
0.989076 0.010914 0.000010
0.973602 0.010602 0.015796
0.984154 0.004694 0.011153
0.893605 0.000010 0.106385
0.018191 0.801081 0.180729
0.000010 0.933906 0.066084
0.690725 0.000010 0.309265
0.722112 0.000010 0.277878
0.737701 0.000010 0.262289
0.993930 0.002792 0.003278
0.999414 0.000010 0.000576
0.999980 0.000010 0.000010
0.999980 0.000010 0.000010
0.992072 0.005502 0.002425
0.992826 0.000010 0.007164
0.999980 0.000010 0.000010
0.992456 0.005645 0.001899
0.999980 0.000010 0.000010
0.997688 0.002302 0.000010
0.999980 0.000010 0.000010
0.992609 0.007381 0.000010
0.999980 0.000010 0.000010
0.999980 0.000010 0.000010
0.999980 0.000010 0.000010
0.995430 0.000370 0.004200
0.999980 0.000010 0.000010
0.988681 0.000010 0.011309
0.999980 0.000010 0.000010
0.998830 0.001160 0.000010
0.999980 0.000010 0.000010
0.995064 0.004926 0.000010
0.993359 0.006631 0.000010
0.995674 0.004316 0.000010
0.988432 0.011558 0.000010
0.002228 0.002748 0.995024
0.000010 0.008921 0.991069
0.000010 0.017425 0.982565
0.000010 0.021809 0.978181
0.000010 0.021689 0.978301
0.000010 0.006077 0.993913
0.000010 0.003879 0.996111
0.000010 0.023628 0.976362
0.000010 0.028987 0.971003
0.000010 0.027918 0.972072
0.014736 0.015704 0.969560
0.000010 0.026470 0.973520
0.000010 0.024477 0.975513
0.012868 0.050368 0.936765
0.999980 0.000010 0.000010
0.511000 0.000010 0.488990
0.435413 0.000010 0.564577
0.018482 0.921987 0.059531
0.020423 0.786665 0.192912
0.763604 0.000010 0.236386
0.637906 0.000010 0.362084
0.610082 0.000010 0.389908
0.718563 0.000010 0.281427
0.721310 0.000010 0.278680
0.758115 0.000010 0.241875
0.793310 0.000010 0.206680
0.465634 0.239558 0.294808
0.744357 0.000010 0.255633
0.547583 0.000010 0.452407
0.703617 0.002360 0.294023
0.004244 0.957811 0.037945
0.013129 0.780237 0.206634
0.005543 0.793979 0.200478
0.007407 0.831999 0.160594
0.616030 0.000010 0.383960
0.611152 0.000010 0.388838
0.754344 0.000010 0.245646
0.663608 0.000010 0.336382
0.470641 0.002037 0.527322
0.678967 0.000010 0.321023
0.635354 0.003771 0.360875
0.625370 0.033521 0.341109
0.002322 0.937841 0.059837
0.007597 0.902098 0.090305
0.006787 0.903045 0.090168
0.455258 0.000010 0.544732
0.005181 0.931874 0.062945
0.000010 0.873486 0.126504
0.000010 0.940995 0.058995
0.000010 0.944012 0.055978
0.000010 0.876014 0.123976
0.000010 0.928773 0.071217
0.153234 0.719589 0.127177
0.000010 0.895461 0.104529
0.000010 0.901629 0.098361
0.000029 0.739819 0.260152
0.001963 0.892546 0.105491
0.009834 0.977506 0.012660
0.103254 0.598072 0.298674
0.441874 0.070485 0.487640
0.653138 0.000010 0.346852
0.981325 0.008811 0.009864
0.988601 0.007319 0.004080
0.999980 0.000010 0.000010
0.999980 0.000010 0.000010
0.998646 0.000010 0.001344
0.999422 0.000568 0.000010
0.988042 0.011948 0.000010
0.999980 0.000010 0.000010
0.999980 0.000010 0.000010
0.999980 0.000010 0.000010
0.999980 0.000010 0.000010
0.999980 0.000010 0.000010
0.999980 0.000010 0.000010
0.999980 0.000010 0.000010
0.999980 0.000010 0.000010
0.991305 0.000010 0.008685
0.990766 0.009224 0.000010
0.999980 0.000010 0.000010
0.988963 0.000010 0.011027
0.999980 0.000010 0.000010
0.994209 0.000883 0.004907
0.999980 0.000010 0.000010
0.992317 0.000010 0.007673
0.992429 0.000010 0.007561
0.999980 0.000010 0.000010
0.999980 0.000010 0.000010
0.999177 0.000813 0.000010
0.993454 0.006536 0.000010
0.994097 0.005893 0.000010
0.999980 0.000010 0.000010
0.999980 0.000010 0.000010
0.995961 0.004029 0.000010
0.996332 0.003658 0.000010
0.999980 0.000010 0.000010
0.999980 0.000010 0.000010
0.998949 0.001041 0.000010
0.996580 0.003410 0.000010
0.007585 0.915911 0.076504
0.138521 0.418918 0.442560
0.442644 0.055266 0.502091
0.005741 0.914135 0.080124
0.003663 0.911646 0.084691
0.144364 0.677277 0.178358
0.135494 0.698822 0.165684
0.005715 0.940147 0.054138
0.128910 0.736737 0.134354
0.136281 0.640796 0.222923
0.006262 0.948185 0.045553
0.002403 0.924524 0.073072
0.005654 0.855765 0.138581
0.002117 0.990235 0.007649
0.000010 0.960564 0.039426
0.000010 0.991003 0.008987
0.000339 0.990485 0.009176
0.003604 0.934475 0.061921
0.000631 0.934423 0.064946
0.000010 0.858609 0.141381
0.007753 0.864266 0.127981
0.000010 0.916551 0.083439
0.007439 0.887534 0.105026
0.004959 0.733763 0.261278
0.012517 0.883891 0.103592
0.208223 0.047953 0.743825
0.257102 0.045966 0.696932
0.244652 0.066586 0.688762
0.248273 0.056194 0.695532
0.000010 0.923267 0.076723
0.000010 0.955263 0.044727
0.001982 0.789484 0.208534
0.021315 0.812576 0.166108
0.000010 0.881393 0.118597
0.015965 0.921486 0.062549
0.005591 0.944714 0.049695
0.978172 0.008738 0.013090
0.999980 0.000010 0.000010
0.992316 0.000010 0.007674
0.976026 0.010551 0.013424
0.000010 0.799965 0.200025
0.008843 0.945416 0.045742
0.001470 0.824010 0.174520
0.000010 0.908087 0.091903
0.005672 0.940665 0.053663
0.000010 0.959519 0.040471
0.002433 0.899608 0.097958
0.000010 0.877928 0.122062
0.002712 0.931397 0.065892
0.004344 0.917198 0.078459
0.005289 0.966040 0.028671
0.003779 0.979741 0.016480
0.000010 0.980320 0.019670
0.000010 0.999980 0.000010
0.000010 0.991335 0.008655
0.000010 0.976746 0.023244
0.000010 0.956380 0.043610
0.000010 0.782416 0.217574
0.003749 0.842982 0.153269
0.000010 0.982407 0.017583
0.000010 0.996550 0.003440
0.000010 0.989360 0.010630
0.000010 0.991064 0.008926
0.000010 0.990204 0.009786
0.005891 0.973945 0.020165
0.002082 0.985668 0.012250
0.000010 0.989147 0.010843
0.201586 0.052092 0.746322
0.292791 0.056627 0.650582
0.297519 0.056638 0.645843
0.242227 0.044096 0.713676
0.213073 0.043029 0.743897
0.000010 0.990250 0.009740
0.005073 0.988893 0.006033
0.003427 0.948599 0.047974
0.000010 0.960158 0.039832
0.004883 0.988689 0.006429
0.006542 0.990260 0.003198
0.000010 0.992682 0.007308
0.000010 0.999980 0.000010
0.000010 0.993467 0.006523
0.000010 0.986169 0.013821
0.000010 0.977284 0.022706
0.000010 0.990301 0.009689
0.000010 0.984947 0.015043
0.002216 0.974616 0.023168
0.014407 0.976985 0.008608
0.004155 0.982107 0.013737
0.228909 0.051963 0.719128
0.186707 0.052933 0.760361
0.244659 0.044884 0.710457
0.229930 0.052367 0.717703
0.193615 0.050758 0.755628
0.212859 0.046573 0.740568
0.283261 0.048797 0.667942
0.266055 0.056477 0.677468
0.278351 0.024224 0.697425
0.258024 0.059496 0.682480
0.001058 0.995023 0.003918
0.010907 0.980335 0.008758
0.000010 0.988084 0.011906
0.000010 0.961583 0.038407
0.002096 0.972074 0.025830
0.003516 0.984170 0.012314
0.253967 0.007873 0.738160
0.220887 0.035944 0.743169
0.312217 0.077534 0.610250
0.312149 0.063290 0.624561
0.308625 0.070051 0.621324
0.323627 0.060905 0.615468
0.214506 0.051534 0.733960
0.202460 0.054645 0.742895
0.178392 0.045319 0.776289
0.268063 0.059067 0.672870
0.217481 0.066386 0.716132
0.198194 0.048860 0.752946
0.228074 0.039247 0.732679
0.002130 0.962364 0.035506
0.000010 0.999399 0.000591
0.007884 0.981802 0.010314
0.003244 0.982885 0.013870
0.000010 0.981079 0.018911
0.000626 0.984713 0.014661
0.351149 0.046964 0.601887
0.349109 0.051086 0.599805
0.332145 0.062713 0.605142
0.347267 0.055232 0.597501
0.241733 0.071237 0.687030
0.225229 0.058213 0.716558
0.233094 0.039703 0.727203
0.243028 0.028374 0.728598
0.239912 0.035958 0.724130
0.004749 0.988963 0.006288
0.000010 0.999980 0.000010
0.000010 0.988441 0.011549
0.000010 0.975116 0.024874
0.000010 0.991936 0.008054
0.000010 0.999980 0.000010
0.000010 0.978506 0.021484
0.000010 0.999980 0.000010
0.006604 0.984268 0.009127
0.302474 0.062165 0.635360
0.342524 0.068892 0.588584
0.322456 0.056379 0.621166
0.325375 0.040631 0.633995
0.327791 0.053653 0.618556
0.317166 0.059199 0.623635
0.340414 0.064914 0.594673
0.318041 0.049328 0.632631
0.337046 0.069848 0.593106
0.343830 0.068501 0.587668
0.356623 0.071319 0.572058
0.328008 0.052543 0.619448
0.000010 0.999980 0.000010
0.000010 0.983749 0.016241
0.004802 0.987968 0.007230
0.000010 0.999980 0.000010
0.002892 0.959744 0.037364
0.002066 0.975568 0.022366
0.000010 0.935095 0.064895
0.012476 0.981769 0.005756
0.000010 0.988759 0.011231
0.007048 0.990024 0.002928
0.011664 0.986099 0.002236
0.003831 0.968283 0.027886
0.000010 0.989305 0.010685
0.007397 0.987003 0.005599
0.000010 0.976354 0.023636
0.000010 0.985169 0.014821
0.000010 0.990441 0.009549
0.001836 0.974543 0.023620
0.003773 0.984244 0.011983
0.000010 0.984832 0.015158
0.000010 0.987716 0.012274
0.015722 0.984268 0.000010
0.000010 0.994162 0.005828
0.000010 0.980656 0.019334
0.000010 0.980251 0.019739
0.007236 0.986462 0.006301
0.000729 0.982994 0.016277
0.000885 0.995889 0.003226
0.000010 0.977239 0.022751
0.000010 0.988592 0.011398
0.000010 0.982346 0.017644
0.000010 0.997584 0.002406
0.000010 0.981828 0.018162
0.000010 0.973817 0.026173
0.000010 0.980287 0.019703
0.000010 0.992514 0.007476
0.004783 0.990267 0.004950
0.000010 0.999980 0.000010
0.000010 0.999980 0.000010
0.000010 0.999980 0.000010
0.000010 0.999980 0.000010
0.000010 0.999980 0.000010
0.000010 0.999980 0.000010
0.000010 0.999980 0.000010
0.000010 0.999980 0.000010
0.000010 0.999980 0.000010
0.000010 0.999980 0.000010
0.000010 0.999980 0.000010
0.000010 0.999980 0.000010
0.000010 0.999980 0.000010
0.000010 0.999980 0.000010
0.000010 0.999980 0.000010
0.000010 0.999980 0.000010
0.000010 0.999980 0.000010
0.000010 0.999980 0.000010
0.000010 0.999980 0.000010
0.000010 0.992526 0.007464
0.000010 0.983194 0.016796
0.379885 0.052488 0.567627
0.396181 0.067898 0.535921
0.389243 0.063387 0.547370
0.396921 0.061825 0.541254
0.328341 0.064867 0.606792
0.313533 0.066221 0.620246
0.314940 0.055596 0.629464
0.316485 0.068233 0.615282
0.329635 0.060280 0.610085
0.302906 0.052743 0.644351
0.000010 0.993720 0.006270
0.005635 0.989291 0.005074
0.000010 0.993804 0.006186
0.000010 0.982397 0.017593
0.000010 0.999342 0.000648
0.005038 0.994030 0.000931
0.000010 0.981800 0.018190
0.003355 0.970756 0.025889
0.003105 0.982685 0.014210
0.000010 0.994332 0.005658
0.000010 0.999980 0.000010
0.000010 0.999980 0.000010
0.000010 0.999980 0.000010
0.000010 0.999980 0.000010
0.000010 0.995645 0.004345
0.000010 0.994178 0.005812
0.000010 0.999980 0.000010
0.000010 0.999562 0.000428
0.000010 0.999980 0.000010
0.000011 0.999979 0.000010
0.001512 0.998478 0.000010
0.000010 0.999980 0.000010
0.008762 0.991228 0.000010
0.000010 0.999980 0.000010
0.000010 0.999980 0.000010
0.000010 0.997014 0.002976
0.000010 0.999980 0.000010
0.000010 0.999980 0.000010
0.000010 0.998863 0.001127
0.000011 0.999979 0.000010
0.000010 0.999980 0.000010
0.000010 0.999980 0.000010
0.000010 0.991071 0.008919
0.000010 0.999980 0.000010
0.000331 0.999659 0.000010
0.000010 0.999980 0.000010
0.000010 0.999980 0.000010
0.000010 0.999980 0.000010
0.000010 0.999980 0.000010
0.000010 0.999980 0.000010
0.000010 0.999980 0.000010
0.000010 0.999980 0.000010
0.000010 0.999980 0.000010
0.000010 0.999980 0.000010
0.000010 0.999980 0.000010
0.000010 0.999980 0.000010
0.000010 0.999980 0.000010
0.000010 0.999980 0.000010
0.000010 0.999980 0.000010
0.000010 0.999980 0.000010
0.000010 0.999980 0.000010
0.000010 0.999980 0.000010
0.000010 0.999980 0.000010
0.000010 0.999980 0.000010
0.000010 0.999980 0.000010
0.000010 0.999980 0.000010
0.000010 0.999980 0.000010
0.000010 0.999980 0.000010
0.000010 0.999980 0.000010
0.000010 0.999980 0.000010
0.000010 0.999980 0.000010
0.000010 0.999980 0.000010
0.000010 0.999980 0.000010
0.000010 0.999980 0.000010
0.000010 0.999980 0.000010
0.000010 0.999980 0.000010
0.000010 0.999980 0.000010
0.000010 0.999980 0.000010
0.000010 0.999980 0.000010
0.000010 0.999980 0.000010
0.000010 0.999980 0.000010
0.000010 0.999980 0.000010
0.000010 0.999980 0.000010
0.000010 0.999980 0.000010
0.000010 0.999980 0.000010
0.000010 0.999980 0.000010
0.000010 0.999980 0.000010
0.000010 0.999980 0.000010
0.000010 0.999980 0.000010
0.000010 0.999980 0.000010
0.000010 0.999980 0.000010
0.000010 0.999980 0.000010
0.000010 0.999980 0.000010
0.000010 0.999980 0.000010
0.000010 0.999980 0.000010
0.342812 0.073527 0.583661
0.310300 0.062818 0.626881
0.194971 0.061773 0.743256
0.238559 0.040272 0.721169
0.219264 0.045110 0.735626
0.164853 0.049044 0.786103
0.000010 0.993966 0.006024
0.011707 0.988283 0.000010
0.000010 0.984261 0.015729
0.000010 0.983796 0.016194
0.000010 0.996217 0.003773
0.000010 0.987600 0.012390
0.000010 0.999980 0.000010
0.000010 0.999980 0.000010
0.000010 0.999980 0.000010
0.000010 0.999980 0.000010
0.000010 0.999980 0.000010
0.000010 0.999980 0.000010
0.000010 0.999980 0.000010
0.000010 0.999980 0.000010
0.000010 0.999980 0.000010
0.000010 0.999980 0.000010
0.000010 0.999980 0.000010
0.000010 0.999980 0.000010
0.000010 0.999980 0.000010
0.000010 0.999980 0.000010
0.000010 0.999980 0.000010
0.000010 0.999980 0.000010
0.000010 0.999980 0.000010
0.000010 0.999980 0.000010
0.000010 0.999980 0.000010
0.000010 0.999980 0.000010
0.000010 0.999980 0.000010
0.000010 0.999980 0.000010
0.000010 0.999980 0.000010
0.000010 0.999980 0.000010
0.000010 0.999980 0.000010
0.000010 0.999980 0.000010
0.000010 0.999980 0.000010
0.000010 0.999980 0.000010
0.000010 0.999980 0.000010
0.000010 0.999980 0.000010
0.000010 0.999980 0.000010
0.000010 0.999980 0.000010
0.003786 0.994269 0.001945
0.002024 0.997966 0.000010
0.000010 0.998325 0.001665
0.000010 0.999980 0.000010
0.000010 0.999980 0.000010
0.000793 0.999197 0.000010
0.000010 0.999980 0.000010
0.014059 0.975731 0.010209
0.000010 0.999980 0.000010
0.000010 0.999980 0.000010
0.000011 0.999979 0.000010
0.000010 0.999980 0.000010
0.004389 0.990905 0.004706
0.001507 0.998483 0.000010
0.001764 0.998226 0.000010
0.000010 0.999980 0.000010
0.004667 0.994014 0.001319
0.000010 0.999980 0.000010
0.000010 0.999980 0.000010
0.000010 0.999980 0.000010
0.000010 0.999980 0.000010
0.000011 0.999979 0.000010
0.002718 0.997272 0.000010
0.000010 0.999980 0.000010
0.000010 0.999980 0.000010
0.000010 0.999980 0.000010
0.000010 0.999980 0.000010
0.000010 0.999980 0.000010
0.000010 0.999980 0.000010
0.000010 0.990763 0.009227
0.000010 0.999980 0.000010
0.000010 0.999980 0.000010
0.000010 0.999980 0.000010
0.005248 0.994742 0.000010
0.000010 0.999980 0.000010
0.000010 0.999980 0.000010
0.000010 0.999980 0.000010
0.001402 0.998588 0.000010
0.000010 0.999980 0.000010
0.000010 0.999980 0.000010
0.234961 0.076237 0.688802
0.222765 0.050016 0.727219
0.299194 0.070922 0.629885
0.000010 0.999980 0.000010
0.000010 0.999980 0.000010
0.000010 0.999980 0.000010
0.000010 0.999980 0.000010
0.000010 0.999980 0.000010
0.000010 0.999980 0.000010
0.000010 0.999980 0.000010
0.000010 0.999980 0.000010
0.004131 0.982363 0.013506
0.000010 0.946059 0.053931
0.000010 0.998456 0.001534
0.000010 0.999980 0.000010
0.000010 0.999980 0.000010
0.000010 0.999980 0.000010
0.000010 0.999980 0.000010
0.000010 0.999980 0.000010
0.000010 0.999980 0.000010
0.000011 0.999979 0.000010
0.000010 0.998291 0.001699
0.000011 0.999979 0.000010
0.000010 0.993780 0.006210
0.000010 0.999980 0.000010
0.005387 0.994603 0.000010
0.002579 0.988688 0.008733
0.000010 0.999980 0.000010
0.005087 0.994903 0.000010
0.417930 0.044157 0.537912
0.406565 0.054161 0.539274
0.383810 0.051796 0.564394
0.396265 0.060038 0.543697
0.420057 0.047637 0.532306
0.402482 0.044658 0.552860
0.389696 0.062100 0.548204
0.409484 0.062607 0.527909
0.399141 0.049972 0.550887
0.416800 0.044255 0.538946
0.406279 0.047424 0.546297
0.386706 0.069111 0.544183
0.392338 0.049241 0.558421
0.195687 0.052975 0.751338
0.208282 0.038396 0.753322
0.194459 0.038215 0.767326
0.242695 0.049910 0.707395
0.252485 0.062405 0.685109
0.212340 0.049999 0.737661
0.260073 0.045947 0.693980
0.361169 0.045126 0.593705
0.352709 0.084089 0.563202
0.338553 0.055079 0.606368
0.327038 0.089724 0.583239
0.355992 0.061688 0.582321
0.330776 0.068169 0.601055
0.286571 0.060716 0.652713
0.295196 0.069308 0.635496
0.287726 0.058162 0.654112
0.355714 0.037436 0.606851
0.357516 0.039080 0.603405
0.341192 0.066528 0.592280
0.280721 0.059596 0.659683
0.326299 0.077833 0.595868
0.356559 0.057857 0.585585
0.319551 0.067534 0.612915
0.332525 0.065784 0.601691
0.334903 0.062360 0.602736
0.363836 0.078982 0.557182
0.339857 0.063310 0.596833
0.392936 0.067204 0.539860
0.342666 0.054577 0.602757
0.357384 0.065803 0.576814
0.339561 0.077493 0.582946
0.348065 0.078801 0.573134
0.349521 0.070694 0.579785
0.345065 0.062627 0.592308
0.304454 0.066237 0.629309
0.348281 0.058355 0.593364
0.347324 0.064462 0.588213
0.370103 0.065056 0.564841
0.349999 0.065168 0.584833
0.319269 0.056607 0.624125
0.316984 0.051961 0.631056
0.319227 0.054249 0.626525
0.308455 0.052697 0.638848
0.292284 0.047058 0.660658
0.320326 0.047952 0.631723
0.333978 0.058991 0.607032
0.288633 0.054631 0.656736
0.279993 0.064002 0.656005
0.269877 0.057021 0.673102
0.351031 0.061761 0.587208
0.342096 0.075931 0.581973
0.343852 0.061253 0.594895
0.358591 0.065888 0.575521
0.338030 0.054707 0.607263
0.322786 0.056685 0.620529
0.390975 0.085545 0.523480
0.312491 0.049864 0.637645
0.327189 0.066811 0.606000
0.346148 0.061332 0.592519
0.330977 0.060854 0.608168
0.336565 0.081664 0.581771
0.351826 0.064146 0.584028
0.350491 0.070306 0.579204
0.401288 0.084226 0.514486
0.356341 0.073985 0.569674
0.338448 0.075987 0.585565
0.291602 0.059001 0.649397
0.339739 0.074389 0.585872
0.334821 0.084144 0.581035
0.353769 0.081721 0.564510
0.339059 0.060790 0.600151
0.326275 0.064383 0.609342
0.404072 0.073228 0.522700
0.335963 0.051022 0.613015
0.336134 0.091765 0.572101
0.257323 0.064190 0.678487
0.167966 0.042685 0.789349
0.374360 0.069177 0.556462
0.362022 0.073677 0.564300
0.342296 0.064265 0.593439
0.349641 0.053062 0.597298
