0.000010 0.000010 0.000010 0.026070 0.066458 0.836815 0.000010 0.016031 0.054575 0.000010
0.000010 0.000010 0.000010 0.025656 0.098614 0.807649 0.000010 0.000010 0.068021 0.000010
0.288580 0.000010 0.483443 0.000564 0.021839 0.000010 0.198491 0.007043 0.000010 0.000010
0.269756 0.000010 0.487206 0.000010 0.013187 0.014270 0.215532 0.000010 0.000010 0.000010
0.000010 0.000010 0.000010 0.005311 0.012919 0.003148 0.002879 0.000010 0.975693 0.000010
0.000010 0.166133 0.043693 0.000010 0.021718 0.013337 0.000010 0.002431 0.000732 0.751927
0.650284 0.008505 0.236640 0.000010 0.015975 0.004455 0.084101 0.000010 0.000010 0.000010
0.000010 0.000010 0.000010 0.405633 0.000010 0.000010 0.000010 0.000010 0.594287 0.000010
0.000010 0.999910 0.000010 0.000010 0.000010 0.000010 0.000010 0.000010 0.000010 0.000010
0.000010 0.028326 0.020831 0.002193 0.000010 0.000010 0.000010 0.000010 0.000010 0.948590
0.000010 0.967660 0.000010 0.000010 0.000010 0.000010 0.000010 0.000010 0.000010 0.032260
0.000010 0.000010 0.000010 0.022607 0.000010 0.000010 0.000010 0.977313 0.000010 0.000010
0.000010 0.000010 0.000010 0.000010 0.000010 0.999910 0.000010 0.000010 0.000010 0.000010
0.420250 0.000010 0.569813 0.000010 0.000010 0.009867 0.000010 0.000010 0.000010 0.000010
0.000010 0.012592 0.000010 0.000010 0.000010 0.000010 0.000010 0.000010 0.000010 0.987328
0.668953 0.007236 0.233267 0.000010 0.006255 0.006651 0.075979 0.000010 0.001629 0.000010
0.672330 0.000010 0.246457 0.006075 0.033393 0.010378 0.031327 0.000010 0.000010 0.000010
0.709978 0.000010 0.179161 0.000010 0.019745 0.000010 0.079253 0.011813 0.000010 0.000010
0.684179 0.000010 0.255179 0.000010 0.001374 0.003234 0.049025 0.006968 0.000010 0.000010
0.671096 0.006042 0.231485 0.000010 0.000010 0.009934 0.076586 0.004817 0.000010 0.000010
0.715965 0.000010 0.161439 0.000010 0.049466 0.000010 0.073070 0.000010 0.000010 0.000010
0.675231 0.000010 0.214270 0.000010 0.000010 0.010409 0.100030 0.000010 0.000010 0.000010
0.653571 0.006701 0.235365 0.000010 0.000010 0.000010 0.101259 0.003053 0.000010 0.000010
0.685423 0.000010 0.221266 0.000010 0.022919 0.000010 0.058780 0.005773 0.000010 0.005799
0.685794 0.000010 0.208159 0.000010 0.006763 0.000010 0.094510 0.004725 0.000010 0.000010
0.712425 0.002863 0.205870 0.000010 0.000010 0.000010 0.078782 0.000010 0.000010 0.000010
0.671692 0.000010 0.213634 0.001741 0.000010 0.000010 0.105069 0.007814 0.000010 0.000010
0.706245 0.001081 0.244960 0.004281 0.000010 0.000010 0.039710 0.000010 0.003684 0.000010
0.696023 0.000010 0.219658 0.000010 0.012084 0.000010 0.072174 0.000010 0.000010 0.000010
0.705322 0.000010 0.187511 0.000010 0.010549 0.001452 0.092687 0.002440 0.000010 0.000010
0.645225 0.000010 0.252785 0.000010 0.000010 0.000010 0.099885 0.002045 0.000010 0.000010
0.659939 0.000010 0.249792 0.000010 0.000537 0.000010 0.089672 0.000010 0.000010 0.000010
0.692886 0.000010 0.225579 0.000010 0.000010 0.000044 0.081431 0.000010 0.000010 0.000010
0.665439 0.000010 0.225278 0.000010 0.000010 0.009527 0.099531 0.000175 0.000010 0.000010
0.701889 0.000010 0.218292 0.000010 0.000010 0.000010 0.065167 0.008091 0.006512 0.000010
0.708184 0.009256 0.206228 0.000010 0.003462 0.007331 0.065498 0.000010 0.000010 0.000010
0.686827 0.000010 0.229117 0.006717 0.026043 0.000010 0.042503 0.008483 0.000281 0.000010
0.711703 0.003458 0.216841 0.000010 0.000010 0.000010 0.064623 0.003325 0.000010 0.000010
0.746776 0.001457 0.200470 0.010633 0.000010 0.000010 0.040614 0.000010 0.000010 0.000010
0.714770 0.000010 0.210745 0.000010 0.000010 0.000010 0.074416 0.000010 0.000010 0.000010
0.711260 0.000010 0.231374 0.000010 0.000010 0.000010 0.048534 0.008773 0.000010 0.000010
0.680394 0.014549 0.225767 0.000010 0.000010 0.000010 0.077043 0.002196 0.000010 0.000010
0.699325 0.000010 0.155830 0.006153 0.000010 0.009900 0.113659 0.001696 0.000010 0.013407
0.684123 0.000106 0.236622 0.000010 0.020656 0.007575 0.046883 0.004006 0.000010 0.000010
0.655070 0.005506 0.259080 0.000959 0.010415 0.004232 0.064708 0.000010 0.000010 0.000010
0.661486 0.000010 0.244807 0.000010 0.009609 0.003297 0.080752 0.000010 0.000010 0.000010
0.694900 0.000010 0.211306 0.000010 0.000010 0.000010 0.093259 0.000010 0.000476 0.000010
0.665860 0.000010 0.253761 0.000348 0.006833 0.000621 0.072537 0.000010 0.000010 0.000010
0.646673 0.003124 0.234406 0.000010 0.018280 0.000550 0.094305 0.002632 0.000010 0.000010
0.668307 0.000010 0.268897 0.000010 0.009212 0.000010 0.053524 0.000010 0.000010 0.000010
0.669063 0.009682 0.254056 0.000010 0.001070 0.008379 0.057710 0.000010 0.000010 0.000010
0.687265 0.007693 0.181525 0.000010 0.001918 0.003221 0.109113 0.009235 0.000010 0.000010
0.687081 0.008285 0.236016 0.000010 0.000010 0.000010 0.064812 0.003755 0.000010 0.000010
0.687011 0.000010 0.225089 0.003107 0.007274 0.001081 0.076398 0.000010 0.000010 0.000010
0.678550 0.000010 0.262299 0.000010 0.007486 0.000010 0.051606 0.000010 0.000010 0.000010
0.708198 0.000010 0.217401 0.000010 0.000010 0.007805 0.051737 0.011311 0.003508 0.000010
0.663576 0.000010 0.246753 0.000556 0.000010 0.000010 0.078535 0.001396 0.000010 0.009145
0.710020 0.000010 0.247795 0.000010 0.007956 0.008947 0.021276 0.003965 0.000010 0.000010
0.682432 0.000010 0.219935 0.000010 0.000010 0.001080 0.096492 0.000010 0.000010 0.000010
0.699710 0.012675 0.225828 0.000010 0.001132 0.005242 0.055374 0.000010 0.000010 0.000010
0.683328 0.000012 0.275484 0.000010 0.025976 0.000010 0.015149 0.000010 0.000010 0.000010
0.650513 0.001351 0.229352 0.000010 0.003518 0.005642 0.101513 0.007313 0.000010 0.000778
0.666248 0.000768 0.252726 0.000010 0.000010 0.012765 0.067443 0.000010 0.000010 0.000010
0.693495 0.004777 0.232239 0.000010 0.002377 0.000010 0.067062 0.000010 0.000010 0.000010
0.713436 0.000010 0.227349 0.000010 0.000010 0.003440 0.039023 0.000010 0.016702 0.000010
0.644773 0.001770 0.232503 0.000010 0.033702 0.005868 0.070705 0.001469 0.009190 0.000010
0.694192 0.000010 0.211703 0.000010 0.000010 0.017019 0.077026 0.000010 0.000010 0.000010
0.662428 0.000010 0.239476 0.000010 0.008976 0.000010 0.087981 0.000010 0.001090 0.000010
0.681047 0.000010 0.254230 0.000010 0.000010 0.000010 0.064653 0.000010 0.000010 0.000010
0.678045 0.000010 0.248652 0.000010 0.000010 0.011005 0.051157 0.011091 0.000010 0.000010
0.675993 0.000010 0.244132 0.000010 0.010919 0.000010 0.042378 0.007866 0.018672 0.000010
0.681408 0.000010 0.213176 0.000010 0.000010 0.012675 0.087105 0.005586 0.000010 0.000010
0.665911 0.000010 0.225368 0.023029 0.001470 0.008760 0.068744 0.006688 0.000010 0.000010
0.662419 0.000010 0.243704 0.000010 0.000010 0.009748 0.083226 0.000010 0.000854 0.000010
0.668387 0.000010 0.230787 0.000010 0.009286 0.006539 0.084940 0.000020 0.000010 0.000010
0.817081 0.000010 0.000010 0.070116 0.000010 0.000010 0.112733 0.000010 0.000010 0.000010
0.819109 0.000010 0.026360 0.073018 0.000010 0.000010 0.077456 0.000010 0.004007 0.000010
0.789607 0.000010 0.052106 0.038916 0.000010 0.007281 0.101726 0.010323 0.000010 0.000010
0.822634 0.014852 0.015839 0.074127 0.000010 0.000010 0.072498 0.000010 0.000010 0.000010
0.791569 0.000010 0.004595 0.062194 0.000010 0.000476 0.119261 0.008768 0.000010 0.013107
0.810833 0.000010 0.012747 0.056458 0.004766 0.010802 0.094475 0.003255 0.000010 0.006644
0.803913 0.000010 0.032824 0.065023 0.000010 0.000010 0.095759 0.002430 0.000010 0.000010
0.796133 0.000010 0.020086 0.076461 0.000010 0.000010 0.106155 0.001115 0.000010 0.000010
0.643740 0.006162 0.159715 0.053403 0.000010 0.000010 0.129609 0.000010 0.000010 0.007332
0.783494 0.004778 0.000010 0.059229 0.000010 0.000010 0.131331 0.021118 0.000010 0.000010
0.785217 0.005096 0.000010 0.060960 0.000010 0.006727 0.125411 0.013129 0.002664 0.000776
0.797500 0.016900 0.000010 0.062626 0.000010 0.000010 0.122914 0.000010 0.000010 0.000010
0.789294 0.000017 0.024008 0.064009 0.000010 0.011068 0.092143 0.009841 0.000010 0.009600
0.785770 0.004033 0.018602 0.076255 0.000010 0.000010 0.103137 0.011957 0.000010 0.000214
0.826481 0.000010 0.021203 0.053363 0.000010 0.004898 0.087298 0.000010 0.000010 0.006717
0.780701 0.000010 0.049321 0.082896 0.000010 0.009029 0.067210 0.009202 0.000010 0.001611
0.762935 0.000888 0.060448 0.044626 0.000010 0.000010 0.116161 0.000824 0.000010 0.014089
0.648642 0.000010 0.235050 0.000010 0.000010 0.000010 0.095892 0.020356 0.000010 0.000010
0.646452 0.000010 0.235652 0.000010 0.008742 0.008753 0.100350 0.000010 0.000010 0.000010
0.669406 0.009890 0.250846 0.000010 0.000010 0.000010 0.069798 0.000010 0.000010 0.000010
0.663110 0.000010 0.227805 0.000010 0.021390 0.009084 0.078562 0.000010 0.000010 0.000010
0.643836 0.002049 0.248757 0.002356 0.012737 0.000010 0.090225 0.000010 0.000010 0.000010
0.670946 0.014365 0.249532 0.000010 0.000010 0.000010 0.065096 0.000010 0.000010 0.000010
0.663591 0.000010 0.242892 0.000010 0.000010 0.001462 0.082078 0.009927 0.000010 0.000010
0.638052 0.000010 0.258292 0.000010 0.022715 0.001686 0.076243 0.002972 0.000010 0.000010
0.694195 0.003727 0.229599 0.000010 0.000010 0.004224 0.049086 0.000010 0.004011 0.015128
0.696737 0.000010 0.221187 0.000010 0.000010 0.000010 0.082007 0.000010 0.000010 0.000010
0.641002 0.000010 0.242461 0.000010 0.008337 0.006630 0.092360 0.009170 0.000010 0.000010
0.663134 0.002258 0.231066 0.000010 0.000010 0.000010 0.093004 0.007762 0.002736 0.000010
0.623109 0.000010 0.268909 0.000010 0.000010 0.009486 0.093283 0.005163 0.000010 0.000010
0.664130 0.003564 0.254964 0.000010 0.002616 0.000010 0.074631 0.000055 0.000010 0.000010
0.677391 0.000010 0.227315 0.000010 0.000010 0.018027 0.077207 0.000010 0.000010 0.000010
0.701705 0.000010 0.231744 0.003043 0.000178 0.002373 0.041874 0.009254 0.009809 0.000010
0.616870 0.000010 0.286121 0.000010 0.001087 0.000010 0.092937 0.000010 0.002935 0.000010
0.645600 0.000010 0.245575 0.004261 0.004978 0.000377 0.089602 0.009577 0.000010 0.000010
0.669324 0.000996 0.252499 0.000010 0.010459 0.000850 0.061833 0.000010 0.004009 0.000010
0.674599 0.002600 0.265430 0.000010 0.005073 0.005328 0.043003 0.000060 0.000010 0.003888
0.652238 0.002569 0.262457 0.000010 0.000010 0.012133 0.066076 0.000010 0.004317 0.000180
0.678777 0.005667 0.222266 0.000010 0.000010 0.000010 0.093230 0.000010 0.000010 0.000010
0.716250 0.002634 0.221082 0.000010 0.011322 0.003750 0.044923 0.000010 0.000010 0.000010
0.656324 0.000010 0.247311 0.000010 0.008049 0.000010 0.085340 0.002926 0.000010 0.000010
0.695499 0.000010 0.257931 0.000010 0.000010 0.000694 0.041943 0.000010 0.003883 0.000010
0.686515 0.000010 0.217010 0.000010 0.000010 0.000010 0.094399 0.002016 0.000010 0.000010
0.687776 0.000010 0.214810 0.000010 0.000010 0.009571 0.087778 0.000015 0.000010 0.000010
0.671905 0.000010 0.259397 0.000010 0.000010 0.006105 0.062529 0.000013 0.000010 0.000010
0.643055 0.000010 0.277153 0.000010 0.007509 0.000010 0.072223 0.000010 0.000010 0.000010
0.675154 0.000010 0.232791 0.000010 0.016839 0.012430 0.062735 0.000010 0.000010 0.000010
0.691166 0.005554 0.243026 0.000010 0.000010 0.004041 0.051457 0.004715 0.000010 0.000010
0.725797 0.000010 0.217331 0.000010 0.011526 0.000010 0.034715 0.005151 0.005439 0.000010
0.783449 0.014043 0.035695 0.058303 0.000010 0.005222 0.090188 0.004936 0.000010 0.008144
0.817878 0.000010 0.000010 0.067841 0.000010 0.012551 0.101506 0.000175 0.000010 0.000010
0.819328 0.000010 0.014152 0.047037 0.000010 0.000010 0.105251 0.012220 0.000010 0.001971
0.825769 0.002091 0.000010 0.031592 0.000010 0.012252 0.108510 0.005205 0.014551 0.000010
0.809799 0.000010 0.049044 0.046193 0.000010 0.014648 0.079331 0.000010 0.000010 0.000946
0.808721 0.001154 0.000010 0.086067 0.000010 0.001913 0.090151 0.008494 0.000010 0.003471
0.782014 0.000010 0.000010 0.076713 0.000010 0.003074 0.138140 0.000010 0.000010 0.000010
0.800922 0.001026 0.075296 0.051005 0.000010 0.002346 0.041240 0.007869 0.020276 0.000010
0.784026 0.000010 0.054852 0.052013 0.000010 0.000010 0.091884 0.001103 0.016081 0.000010
0.778609 0.001026 0.060298 0.022640 0.000010 0.005949 0.116457 0.000010 0.014992 0.000010
0.803632 0.011005 0.000010 0.048016 0.000010 0.015289 0.097134 0.019450 0.000010 0.005443
0.778736 0.009089 0.049323 0.030536 0.000010 0.004675 0.108308 0.019304 0.000010 0.000010
0.794856 0.000010 0.018528 0.053104 0.000010 0.000010 0.120117 0.009701 0.000010 0.003655
0.829127 0.000010 0.003319 0.076270 0.000010 0.012840 0.078393 0.000010 0.000010 0.000010
0.800164 0.000010 0.000010 0.043289 0.000010 0.006503 0.126707 0.013058 0.010239 0.000010
0.797726 0.000010 0.010231 0.065735 0.000010 0.002977 0.110997 0.000563 0.011741 0.000010
0.810681 0.011260 0.009854 0.031334 0.000010 0.006457 0.100694 0.016305 0.000010 0.013394
0.836282 0.000010 0.000010 0.065093 0.000010 0.000010 0.094247 0.000010 0.004318 0.000010
0.796856 0.004290 0.000010 0.066803 0.000010 0.005184 0.125433 0.001395 0.000010 0.000010
0.819502 0.000010 0.000010 0.075367 0.004830 0.001883 0.098368 0.000010 0.000010 0.000010
0.769652 0.000010 0.007836 0.030712 0.000010 0.008444 0.148696 0.000010 0.034621 0.000010
0.795852 0.000010 0.000010 0.076823 0.000010 0.010582 0.116683 0.000010 0.000010 0.000010
0.840327 0.006453 0.000010 0.048038 0.000010 0.002916 0.090170 0.008977 0.000010 0.003089
0.787769 0.000010 0.026401 0.074737 0.000010 0.000010 0.098753 0.002048 0.000010 0.010251
0.762446 0.000010 0.025000 0.047131 0.000010 0.000479 0.140488 0.000010 0.024416 0.000010
0.785505 0.000010 0.011706 0.041666 0.000010 0.000010 0.131177 0.006694 0.023212 0.000010
0.833751 0.005930 0.033748 0.050887 0.000010 0.000010 0.070770 0.003607 0.001277 0.000010
0.774026 0.000015 0.085975 0.036997 0.000010 0.000010 0.095830 0.000010 0.000010 0.007117
0.769295 0.000010 0.047148 0.053921 0.002265 0.007009 0.095987 0.011796 0.000010 0.012559
0.795056 0.001158 0.000010 0.056127 0.000010 0.004613 0.139991 0.000010 0.003015 0.000010
0.766355 0.000013 0.046445 0.048633 0.000010 0.006045 0.111273 0.009432 0.000010 0.011783
0.791633 0.000010 0.019049 0.039380 0.000010 0.000018 0.134743 0.002801 0.012345 0.000010
0.816551 0.005485 0.000010 0.054219 0.000010 0.003855 0.101519 0.008457 0.000010 0.009884
0.763343 0.000010 0.055715 0.053383 0.000010 0.000948 0.110313 0.012932 0.003336 0.000010
0.824350 0.000010 0.016030 0.059020 0.006545 0.007845 0.079846 0.006335 0.000010 0.000010
0.794873 0.024926 0.000010 0.059021 0.000010 0.014434 0.099029 0.007677 0.000010 0.000010
0.859853 0.004978 0.000010 0.065838 0.000010 0.000010 0.061180 0.003156 0.000010 0.004956
0.812427 0.000010 0.000010 0.078808 0.000010 0.002642 0.084450 0.021623 0.000010 0.000010
0.800547 0.000010 0.000010 0.072432 0.000010 0.000010 0.107489 0.019473 0.000010 0.000010
0.793974 0.002800 0.032630 0.065977 0.017094 0.000010 0.087412 0.000084 0.000010 0.000010
0.820657 0.000010 0.038333 0.038752 0.000010 0.002120 0.074541 0.010845 0.000010 0.014722
0.770251 0.000010 0.070805 0.037135 0.000010 0.000010 0.100859 0.017610 0.001289 0.002020
0.791199 0.001572 0.038726 0.059575 0.005634 0.004806 0.098458 0.000010 0.000010 0.000010
0.789304 0.003941 0.041528 0.055399 0.000010 0.000010 0.106995 0.002793 0.000010 0.000010
0.735501 0.000010 0.055040 0.051029 0.004364 0.005813 0.134969 0.010727 0.000010 0.002537
0.803928 0.000010 0.053826 0.035043 0.000010 0.002052 0.089670 0.015436 0.000014 0.000010
0.800668 0.000010 0.058037 0.056990 0.000010 0.001172 0.075731 0.007362 0.000010 0.000010
0.798084 0.009826 0.030775 0.070881 0.000015 0.000801 0.087620 0.000010 0.000010 0.001977
0.810577 0.000010 0.062699 0.036540 0.000010 0.000010 0.081875 0.008260 0.000010 0.000010
0.842983 0.007935 0.000010 0.048885 0.000010 0.000010 0.100138 0.000010 0.000010 0.000010
0.785835 0.000220 0.031568 0.058026 0.000010 0.002935 0.118568 0.000010 0.002816 0.000010
0.668077 0.003408 0.121207 0.035915 0.000010 0.010517 0.150900 0.000010 0.000010 0.009944
0.824982 0.000010 0.017051 0.057134 0.000010 0.013374 0.061693 0.000010 0.025727 0.000010
0.838096 0.000010 0.000010 0.054018 0.000010 0.007027 0.071945 0.015997 0.000010 0.012878
0.749182 0.000010 0.104528 0.054388 0.000010 0.009047 0.073361 0.009454 0.000010 0.000010
0.839511 0.000010 0.015691 0.067896 0.000010 0.012092 0.064353 0.000010 0.000010 0.000417
0.824707 0.003742 0.034415 0.046888 0.000010 0.003524 0.070478 0.016216 0.000010 0.000010
0.832096 0.000010 0.000010 0.070863 0.000966 0.005807 0.090219 0.000010 0.000010 0.000010
0.775644 0.000010 0.090036 0.026519 0.000010 0.002387 0.099947 0.000010 0.000010 0.005427
0.799873 0.005461 0.027416 0.043712 0.000010 0.004808 0.099081 0.004695 0.011476 0.003467
0.811676 0.000010 0.016257 0.052497 0.000010 0.004187 0.086896 0.000010 0.028447 0.000010
0.805269 0.000010 0.042706 0.042027 0.000010 0.000010 0.106723 0.003224 0.000010 0.000010
0.776989 0.000010 0.013477 0.074510 0.000010 0.001516 0.120284 0.002547 0.000010 0.010647
0.815528 0.000010 0.026714 0.049963 0.000010 0.005693 0.095811 0.006208 0.000010 0.000054
0.831919 0.008140 0.000010 0.063176 0.000010 0.000010 0.086595 0.010121 0.000010 0.000010
0.776173 0.001709 0.044872 0.061897 0.000010 0.007062 0.106243 0.000010 0.000010 0.002016
0.790141 0.000010 0.037597 0.051936 0.000010 0.000010 0.110547 0.005382 0.002025 0.002340
0.800768 0.011873 0.000010 0.066779 0.000010 0.006571 0.113958 0.000010 0.000010 0.000010
0.819697 0.000010 0.020336 0.049281 0.003032 0.003866 0.094143 0.003598 0.002925 0.003113
0.790785 0.000010 0.009934 0.030952 0.000010 0.002029 0.135243 0.000010 0.023847 0.007180
0.805047 0.013608 0.000010 0.057745 0.000010 0.000010 0.103229 0.020062 0.000268 0.000010
0.779831 0.000010 0.013525 0.057561 0.000010 0.000010 0.124779 0.009759 0.004268 0.010248
0.784678 0.000010 0.041730 0.085713 0.000010 0.000010 0.086408 0.001421 0.000010 0.000010
0.800120 0.000019 0.000010 0.062349 0.000010 0.010093 0.113140 0.014239 0.000010 0.000010
0.798147 0.000010 0.000010 0.057395 0.000010 0.000010 0.118057 0.026341 0.000010 0.000010
0.759668 0.004365 0.050930 0.050959 0.000010 0.002176 0.119938 0.004131 0.007813 0.000010
0.825547 0.003443 0.029733 0.072315 0.000010 0.000010 0.068912 0.000010 0.000010 0.000010
0.796299 0.013981 0.000010 0.075723 0.000010 0.000010 0.104384 0.009564 0.000010 0.000010
0.817065 0.006625 0.000010 0.064381 0.000010 0.003272 0.096281 0.012335 0.000010 0.000010
0.750256 0.000010 0.077726 0.056618 0.000010 0.022429 0.092920 0.000010 0.000010 0.000010
0.707053 0.000010 0.014285 0.085960 0.000010 0.000010 0.074097 0.045923 0.072641 0.000010
0.818749 0.010353 0.004520 0.073142 0.000311 0.005702 0.082377 0.000010 0.004826 0.000010
0.803600 0.000010 0.000010 0.016999 0.000010 0.005727 0.144619 0.002069 0.026310 0.000645
0.746016 0.002198 0.092296 0.021639 0.000010 0.000010 0.114916 0.002502 0.020403 0.000010
0.847402 0.000010 0.000010 0.042963 0.011764 0.001498 0.083990 0.000010 0.005643 0.006709
0.812113 0.000010 0.000010 0.066377 0.000010 0.012963 0.093182 0.014058 0.000010 0.001268
0.840274 0.000010 0.000010 0.056877 0.000010 0.009734 0.081418 0.000010 0.000010 0.011647
0.808413 0.000010 0.016042 0.046284 0.021261 0.000010 0.094076 0.009509 0.000010 0.004385
0.000010 0.000010 0.000010 0.329267 0.000010 0.000704 0.000010 0.000010 0.669958 0.000010
0.000010 0.000010 0.000010 0.311079 0.000010 0.000010 0.000010 0.008771 0.680081 0.000010
0.000010 0.003405 0.000010 0.299974 0.000010 0.000010 0.000010 0.000010 0.696551 0.000010
0.000010 0.000010 0.000010 0.260411 0.000010 0.000010 0.000010 0.000010 0.739509 0.000010
0.000010 0.000010 0.000010 0.304126 0.000010 0.007722 0.000010 0.006934 0.681158 0.000010
0.000010 0.000010 0.000010 0.317352 0.000010 0.004023 0.000010 0.000010 0.678555 0.000010
0.000010 0.000010 0.000010 0.294278 0.000010 0.000010 0.000010 0.000010 0.705642 0.000010
0.000010 0.000010 0.000010 0.330271 0.006725 0.000010 0.000010 0.000010 0.662935 0.000010
0.000010 0.000010 0.000010 0.275278 0.000010 0.000010 0.000010 0.000010 0.724642 0.000010
0.000010 0.000010 0.000010 0.290536 0.000010 0.000010 0.000010 0.000010 0.709384 0.000010
0.000010 0.004468 0.000010 0.291578 0.000010 0.000010 0.000010 0.000010 0.703884 0.000010
0.000010 0.000010 0.000010 0.296814 0.000010 0.000010 0.000010 0.000010 0.703106 0.000010
0.000010 0.000010 0.000010 0.264576 0.000010 0.000010 0.000010 0.000010 0.735344 0.000010
0.000010 0.000010 0.000010 0.307914 0.006989 0.000010 0.000010 0.005561 0.679475 0.000010
0.000010 0.000010 0.000011 0.315030 0.000010 0.008868 0.000010 0.000010 0.676030 0.000010
0.000010 0.000010 0.000010 0.328812 0.000010 0.000010 0.000010 0.002978 0.668140 0.000010
0.000010 0.000010 0.000010 0.286454 0.000010 0.000808 0.000010 0.007165 0.705513 0.000010
0.000010 0.000010 0.000010 0.303306 0.000010 0.001204 0.000010 0.000010 0.695420 0.000010
0.000010 0.000010 0.000010 0.331699 0.000010 0.000010 0.000010 0.000010 0.668221 0.000010
0.000010 0.000010 0.000010 0.306539 0.000010 0.002915 0.000010 0.000010 0.690476 0.000010
0.000010 0.000010 0.000010 0.292770 0.000010 0.000010 0.000010 0.000010 0.707150 0.000010
0.001304 0.000010 0.000010 0.329825 0.000010 0.000010 0.001864 0.000010 0.666948 0.000010
0.000010 0.000010 0.000010 0.287208 0.000010 0.001756 0.000010 0.008190 0.702786 0.000010
0.000010 0.000010 0.000010 0.284065 0.000010 0.000010 0.000010 0.000010 0.715855 0.000010
0.000010 0.000010 0.000010 0.335763 0.000010 0.000010 0.000010 0.000010 0.664157 0.000010
0.000010 0.000010 0.000010 0.284926 0.000010 0.000010 0.000010 0.000010 0.714994 0.000010
0.000010 0.000010 0.000010 0.340597 0.000010 0.000267 0.000010 0.000010 0.659066 0.000010
0.000010 0.000010 0.000010 0.290208 0.000010 0.006137 0.000010 0.007078 0.696517 0.000010
0.000010 0.000010 0.000010 0.321717 0.000010 0.000010 0.000010 0.002943 0.675270 0.000010
0.000010 0.000010 0.000010 0.306849 0.000010 0.008779 0.000010 0.008213 0.676100 0.000010
0.000010 0.000010 0.000010 0.369848 0.000010 0.000010 0.000010 0.000010 0.630072 0.000010
0.000010 0.000010 0.000010 0.299847 0.000010 0.000010 0.000010 0.000010 0.700073 0.000010
0.001281 0.000010 0.000010 0.275550 0.000010 0.004669 0.000010 0.000010 0.718440 0.000010
0.000010 0.000010 0.000010 0.349304 0.002135 0.001735 0.000010 0.007414 0.639363 0.000010
0.000010 0.000010 0.000010 0.321261 0.000010 0.002831 0.000010 0.004093 0.671756 0.000010
0.000010 0.000010 0.000010 0.285838 0.000010 0.000010 0.000010 0.000010 0.709944 0.004148
0.000010 0.000010 0.000010 0.317818 0.000010 0.004426 0.000010 0.006581 0.671115 0.000010
0.000010 0.000010 0.000010 0.323357 0.000010 0.000010 0.006805 0.000010 0.669768 0.000010
0.000010 0.000010 0.000010 0.276404 0.000010 0.000010 0.000010 0.000010 0.723516 0.000010
0.000010 0.000010 0.000010 0.277698 0.000010 0.000010 0.000010 0.000010 0.722222 0.000010
0.000010 0.000010 0.000010 0.328363 0.000010 0.000010 0.002375 0.000112 0.669090 0.000010
0.000010 0.000010 0.000010 0.286554 0.000010 0.000010 0.000010 0.001210 0.712166 0.000010
0.402101 0.001439 0.354730 0.018580 0.004263 0.000010 0.015020 0.127102 0.000010 0.076745
0.237294 0.014839 0.308553 0.000010 0.043295 0.000708 0.037123 0.206425 0.000010 0.151743
0.380242 0.019506 0.334188 0.000010 0.023781 0.012196 0.033872 0.135522 0.000010 0.060673
0.000010 0.000010 0.000010 0.329725 0.000010 0.000010 0.000010 0.000010 0.670195 0.000010
0.000010 0.000010 0.000010 0.325471 0.000010 0.000010 0.000010 0.002489 0.671970 0.000010
0.000010 0.000010 0.000010 0.401605 0.000010 0.000010 0.000010 0.000011 0.598314 0.000010
0.000010 0.000010 0.000010 0.307674 0.000010 0.008787 0.000010 0.000010 0.683469 0.000010
0.000010 0.000010 0.000010 0.330841 0.000010 0.000010 0.000010 0.000010 0.669079 0.000010
0.000010 0.000010 0.000010 0.310431 0.000010 0.000010 0.000010 0.005995 0.683504 0.000010
0.000010 0.000010 0.000010 0.326612 0.000010 0.000010 0.000010 0.000010 0.673308 0.000010
0.000010 0.000010 0.002330 0.348003 0.000010 0.000539 0.000010 0.000010 0.649067 0.000010
0.000010 0.000010 0.000010 0.240282 0.000010 0.005193 0.000010 0.000010 0.754455 0.000010
0.000010 0.000010 0.000010 0.336186 0.000010 0.000010 0.000010 0.000010 0.663734 0.000010
0.000010 0.000010 0.000010 0.350510 0.000010 0.000010 0.000010 0.000010 0.649410 0.000010
0.000010 0.000010 0.000010 0.303319 0.022753 0.000010 0.000010 0.000010 0.673857 0.000010
0.003090 0.000010 0.000010 0.442642 0.000010 0.000010 0.012220 0.008649 0.533349 0.000010
0.000010 0.000010 0.000010 0.337751 0.000010 0.000010 0.000010 0.000010 0.662169 0.000010
0.000010 0.000010 0.000010 0.325163 0.000010 0.000010 0.000010 0.000010 0.674757 0.000010
0.000010 0.000010 0.000010 0.303838 0.000010 0.000010 0.000010 0.000010 0.696082 0.000010
0.000010 0.000010 0.000010 0.313415 0.000010 0.000010 0.000010 0.000010 0.686505 0.000010
0.000010 0.000010 0.000010 0.358945 0.000010 0.000010 0.000010 0.000010 0.640975 0.000010
0.000010 0.000010 0.000010 0.345194 0.000010 0.002125 0.000010 0.000010 0.652611 0.000010
0.000010 0.000010 0.000010 0.295926 0.000010 0.000010 0.000010 0.000010 0.703994 0.000010
0.000010 0.000010 0.000010 0.353440 0.000010 0.000010 0.000010 0.000010 0.646480 0.000010
0.000010 0.000010 0.000010 0.336276 0.000010 0.000010 0.000010 0.000010 0.663644 0.000010
0.000010 0.000010 0.000010 0.328764 0.000010 0.000341 0.000010 0.000010 0.670825 0.000010
0.000010 0.000010 0.000010 0.306601 0.000010 0.000010 0.000010 0.000010 0.693319 0.000010
0.000010 0.000010 0.000010 0.315491 0.000010 0.000010 0.000010 0.000010 0.684429 0.000010
0.000010 0.000010 0.000010 0.298501 0.000010 0.000073 0.000010 0.000010 0.701356 0.000010
0.000010 0.000010 0.000010 0.292049 0.000010 0.003975 0.000010 0.005324 0.698592 0.000010
0.000010 0.000010 0.000010 0.280802 0.000010 0.000010 0.000010 0.000010 0.719118 0.000010
0.000010 0.000010 0.000010 0.273420 0.005374 0.014207 0.000010 0.000010 0.706939 0.000010
0.000010 0.000010 0.000010 0.285705 0.000010 0.000010 0.000010 0.000010 0.714215 0.000010
0.000010 0.000010 0.000010 0.337785 0.000010 0.008981 0.000010 0.000010 0.653164 0.000010
0.000010 0.000010 0.000010 0.326701 0.000010 0.000010 0.000010 0.000010 0.673219 0.000010
0.000010 0.000010 0.000010 0.347743 0.000010 0.000010 0.000010 0.000010 0.652177 0.000010
0.000010 0.000010 0.000010 0.302592 0.000010 0.005870 0.000010 0.000010 0.691468 0.000010
0.000010 0.000010 0.000010 0.287262 0.000010 0.000010 0.000010 0.000010 0.712658 0.000010
0.352016 0.009381 0.311490 0.008804 0.025593 0.010511 0.000010 0.127647 0.000010 0.154538
0.319934 0.014151 0.311879 0.000010 0.008881 0.012427 0.018660 0.171482 0.000010 0.142565
0.422696 0.010324 0.390541 0.000215 0.006322 0.016172 0.000819 0.100031 0.000010 0.052871
0.377164 0.000010 0.363632 0.009108 0.013955 0.000032 0.000010 0.158360 0.000010 0.077719
0.000010 0.000010 0.000010 0.180769 0.000010 0.000010 0.000010 0.000010 0.819151 0.000010
0.000010 0.000010 0.000010 0.214085 0.000010 0.000010 0.000010 0.008543 0.777303 0.000010
0.000010 0.001405 0.000010 0.197822 0.000010 0.000010 0.000010 0.000010 0.800702 0.000010
0.000010 0.000010 0.000010 0.240917 0.000010 0.000010 0.000010 0.000010 0.759003 0.000010
0.000010 0.000010 0.000010 0.223551 0.000010 0.014519 0.000010 0.000010 0.761860 0.000010
0.000010 0.000010 0.000010 0.242129 0.000010 0.004763 0.000010 0.003028 0.750021 0.000010
0.000010 0.000010 0.000010 0.220908 0.000010 0.000010 0.000010 0.001122 0.777900 0.000010
0.000010 0.000010 0.000010 0.208733 0.000010 0.000010 0.000010 0.011600 0.779597 0.000010
0.000010 0.000010 0.000010 0.230597 0.000010 0.004648 0.000010 0.000010 0.764685 0.000010
0.000010 0.000010 0.000010 0.208654 0.000010 0.008305 0.000010 0.000639 0.782341 0.000010
0.000010 0.000010 0.000010 0.227973 0.000010 0.001988 0.000010 0.000010 0.769969 0.000010
0.000010 0.000010 0.000010 0.233710 0.000010 0.000019 0.000010 0.000010 0.766202 0.000010
0.000010 0.000010 0.000010 0.200557 0.000010 0.009025 0.000010 0.006750 0.783607 0.000010
0.000010 0.000010 0.000010 0.237962 0.000010 0.000010 0.000010 0.000010 0.761958 0.000010
0.000010 0.000010 0.000010 0.261386 0.000010 0.000015 0.000010 0.000010 0.738529 0.000010
0.000010 0.000010 0.002804 0.209788 0.000010 0.003600 0.000010 0.006980 0.776777 0.000010
0.000010 0.000010 0.000010 0.210381 0.000010 0.006137 0.000010 0.010532 0.772889 0.000010
0.000010 0.000010 0.000010 0.239890 0.000010 0.000016 0.006221 0.001044 0.752780 0.000010
0.000010 0.000010 0.000010 0.207880 0.000010 0.000010 0.000010 0.000010 0.792040 0.000010
0.000010 0.000010 0.000010 0.276130 0.000010 0.000010 0.000010 0.001307 0.722494 0.000010
0.000010 0.000010 0.000010 0.265343 0.000010 0.000010 0.000010 0.000010 0.734577 0.000010
0.000010 0.000010 0.000010 0.241145 0.000010 0.003691 0.000010 0.000010 0.755093 0.000010
0.000010 0.000010 0.000010 0.203322 0.000010 0.004557 0.000010 0.000010 0.792050 0.000010
0.000010 0.000010 0.000010 0.207447 0.000010 0.001377 0.000010 0.000010 0.791106 0.000010
0.000010 0.000010 0.005134 0.228257 0.000010 0.000010 0.000010 0.000010 0.766540 0.000010
0.006211 0.000010 0.002277 0.209502 0.000010 0.000010 0.000010 0.000010 0.781950 0.000010
0.000010 0.000010 0.000010 0.205355 0.005473 0.000010 0.000010 0.000010 0.789102 0.000010
0.000010 0.000010 0.000010 0.226970 0.000010 0.000010 0.000010 0.000010 0.772950 0.000010
0.422443 0.000053 0.413714 0.000010 0.011168 0.008850 0.031540 0.088295 0.000010 0.023917
0.398137 0.000010 0.354677 0.000010 0.006311 0.019557 0.057468 0.110066 0.000010 0.053753
0.356763 0.010504 0.317410 0.023126 0.000010 0.001716 0.000010 0.201831 0.000212 0.088417
0.473187 0.000010 0.336480 0.000992 0.023118 0.005297 0.000010 0.112132 0.000010 0.048763
0.430510 0.000010 0.362662 0.000904 0.000010 0.007814 0.000010 0.119291 0.000010 0.078780
0.530876 0.000010 0.303728 0.000010 0.000010 0.014449 0.043820 0.062499 0.000010 0.044589
0.343623 0.002348 0.373762 0.002451 0.001275 0.006793 0.000010 0.149230 0.000010 0.120498
0.455840 0.000010 0.370715 0.000010 0.000010 0.000010 0.037420 0.065074 0.000010 0.070901
0.341174 0.009228 0.318833 0.000010 0.002204 0.011715 0.000010 0.234317 0.000010 0.082499
0.000010 0.000010 0.000010 0.019916 0.007185 0.003574 0.000010 0.000010 0.969266 0.000010
0.000010 0.000010 0.000010 0.005201 0.000010 0.013212 0.000010 0.000010 0.981516 0.000010
0.000010 0.000010 0.000010 0.025846 0.007742 0.009533 0.002409 0.010348 0.944082 0.000010
0.000010 0.000010 0.000010 0.000010 0.000010 0.006696 0.000010 0.006969 0.986265 0.000010
0.001497 0.000010 0.000010 0.036715 0.025543 0.000954 0.004728 0.007595 0.922939 0.000010
0.000010 0.002266 0.000010 0.012785 0.000010 0.019302 0.000010 0.006635 0.958962 0.000010
0.000010 0.000010 0.000010 0.010925 0.003583 0.014854 0.000010 0.000010 0.970578 0.000010
0.000010 0.000010 0.000010 0.006326 0.000010 0.025087 0.000010 0.004259 0.964268 0.000010
0.000010 0.000010 0.000010 0.050310 0.014740 0.007807 0.000010 0.011818 0.915275 0.000010
0.000010 0.000010 0.001300 0.073210 0.024817 0.010202 0.000010 0.000010 0.890420 0.000010
0.000010 0.001205 0.000010 0.020576 0.000010 0.009803 0.000010 0.000431 0.967936 0.000010
0.000010 0.003163 0.000010 0.022640 0.005364 0.015490 0.000010 0.000010 0.953293 0.000010
0.000010 0.000688 0.000010 0.004730 0.000010 0.014348 0.000010 0.000010 0.980174 0.000010
0.000010 0.000010 0.000010 0.044288 0.000010 0.020268 0.000010 0.004858 0.930526 0.000010
0.000010 0.000010 0.000010 0.021204 0.000010 0.006007 0.000010 0.000010 0.972719 0.000010
0.449765 0.006695 0.341529 0.000010 0.016597 0.000010 0.004851 0.102495 0.000010 0.078037
0.360985 0.021721 0.342321 0.007949 0.014839 0.009432 0.002574 0.140152 0.006462 0.093565
0.346827 0.000572 0.287613 0.000010 0.005978 0.000010 0.000010 0.130904 0.005745 0.222332
0.298726 0.020626 0.251323 0.000010 0.035467 0.006824 0.004733 0.193261 0.000010 0.189019
0.305277 0.023008 0.264379 0.000010 0.009491 0.007686 0.026249 0.183486 0.000053 0.180360
0.373759 0.013876 0.378099 0.015396 0.016105 0.001563 0.000010 0.144799 0.000010 0.056383
0.390651 0.000010 0.322556 0.000010 0.003235 0.005833 0.040585 0.105895 0.020383 0.110843
0.356116 0.000010 0.304936 0.000010 0.000010 0.005327 0.034961 0.168471 0.003645 0.126515
0.422871 0.006338 0.312034 0.015270 0.000010 0.003688 0.044480 0.109909 0.000010 0.085391
0.392326 0.000010 0.372515 0.006103 0.003981 0.000337 0.017114 0.141688 0.000010 0.065916
0.245679 0.018956 0.268360 0.000010 0.005487 0.001124 0.015140 0.139615 0.011123 0.294506
0.350209 0.009420 0.320388 0.000010 0.019421 0.000010 0.000010 0.119489 0.012855 0.168187
0.406891 0.005725 0.352387 0.024428 0.000010 0.000010 0.018217 0.134326 0.000010 0.057996
0.395133 0.000010 0.341251 0.000010 0.008354 0.009706 0.011990 0.137069 0.000010 0.096467
0.349594 0.015555 0.365736 0.000010 0.042578 0.004711 0.000010 0.172195 0.000010 0.049601
0.405401 0.000010 0.352658 0.000010 0.012586 0.000010 0.016054 0.158486 0.000010 0.054775
0.355009 0.000010 0.396502 0.000010 0.017755 0.006730 0.000010 0.132959 0.000010 0.091006
0.395110 0.000010 0.354904 0.009077 0.012408 0.007906 0.000010 0.148854 0.001307 0.070414
0.476393 0.013720 0.339148 0.004283 0.020722 0.001802 0.000010 0.046616 0.000010 0.097296
0.298494 0.011445 0.261397 0.009785 0.042476 0.016363 0.000010 0.171680 0.005678 0.182672
0.329743 0.014386 0.330685 0.000010 0.033709 0.007201 0.012126 0.126813 0.000010 0.145317
0.353603 0.007678 0.306235 0.000010 0.005207 0.006261 0.023607 0.223362 0.000010 0.074028
0.304234 0.036650 0.311488 0.030660 0.002298 0.001106 0.000010 0.143319 0.000010 0.170225
0.355684 0.015158 0.350581 0.000010 0.017140 0.000010 0.014857 0.169200 0.000010 0.077351
0.374681 0.003371 0.330201 0.002753 0.014746 0.000010 0.019498 0.110652 0.039593 0.104494
0.319113 0.024407 0.312831 0.000010 0.031033 0.004038 0.009205 0.185286 0.003193 0.110884
0.384158 0.003900 0.309338 0.000010 0.017463 0.000010 0.000680 0.122183 0.000010 0.162247
0.348693 0.014889 0.289036 0.013186 0.018972 0.001666 0.028871 0.134846 0.000010 0.149833
0.321704 0.000010 0.277832 0.015253 0.025891 0.001212 0.001056 0.131140 0.000010 0.225891
0.392206 0.002948 0.317065 0.003425 0.013060 0.000451 0.003165 0.118384 0.012955 0.136342
0.400313 0.000010 0.324082 0.008443 0.000010 0.002185 0.031977 0.134896 0.000010 0.098075
0.370128 0.000010 0.326123 0.000010 0.013142 0.017065 0.011271 0.152537 0.025845 0.083869
0.375092 0.000010 0.347190 0.000010 0.024752 0.001555 0.016743 0.140392 0.000010 0.094246
0.333545 0.016063 0.317151 0.005031 0.000010 0.006337 0.021266 0.165805 0.010786 0.124005
0.385205 0.001702 0.297243 0.000010 0.000010 0.000010 0.007918 0.130084 0.002265 0.175555
0.402365 0.000010 0.347564 0.000010 0.020726 0.000010 0.017073 0.130128 0.000010 0.082105
0.431796 0.000013 0.370146 0.000010 0.016332 0.000745 0.027179 0.093061 0.000010 0.060707
0.307945 0.018583 0.335853 0.000010 0.000010 0.000010 0.000010 0.129016 0.010931 0.197633
0.195033 0.021572 0.100732 0.000010 0.018770 0.004060 0.000010 0.059075 0.000010 0.600728
0.330208 0.014970 0.325391 0.015369 0.000010 0.001453 0.044136 0.149952 0.000202 0.118309
0.390806 0.000010 0.334949 0.008291 0.004535 0.000010 0.000010 0.145573 0.005264 0.110551
0.515687 0.002403 0.331387 0.000010 0.022859 0.006581 0.017365 0.074029 0.000010 0.029667
0.348505 0.005647 0.303066 0.005559 0.003001 0.002137 0.028744 0.300887 0.002445 0.000010
0.454258 0.000010 0.364528 0.008418 0.022292 0.000010 0.031772 0.110243 0.000010 0.008459
0.299509 0.012402 0.318672 0.014152 0.000010 0.008466 0.062572 0.248020 0.005292 0.030906
0.357627 0.021022 0.320036 0.000010 0.006068 0.008742 0.014765 0.229674 0.000010 0.042047
0.317060 0.015330 0.239198 0.005181 0.000010 0.003122 0.031856 0.265022 0.000010 0.123211
0.306972 0.010804 0.295124 0.000010 0.028791 0.015393 0.002667 0.259457 0.000010 0.080772
0.343137 0.018239 0.293770 0.000010 0.039932 0.006848 0.000010 0.251931 0.000010 0.046113
0.351446 0.006260 0.288451 0.002056 0.004215 0.000010 0.034782 0.250486 0.000010 0.062284
0.454565 0.002949 0.342691 0.018387 0.016323 0.000205 0.009382 0.148540 0.000010 0.006949
0.314946 0.030568 0.293215 0.000010 0.007471 0.020447 0.007724 0.228020 0.000010 0.097588
0.269118 0.000010 0.287436 0.000010 0.000010 0.001180 0.034399 0.282533 0.020160 0.105145
0.320281 0.000010 0.288407 0.000010 0.036440 0.003590 0.010264 0.317817 0.001593 0.021589
0.295487 0.007715 0.238977 0.000010 0.000010 0.000010 0.007840 0.273315 0.003482 0.173154
0.349791 0.000010 0.295292 0.000010 0.032871 0.003980 0.022244 0.253101 0.000010 0.042691
0.216016 0.014732 0.209358 0.000010 0.033796 0.000010 0.000010 0.342662 0.000010 0.183395
0.373839 0.000010 0.279809 0.000010 0.010939 0.007850 0.007517 0.245712 0.000010 0.074304
0.221148 0.000010 0.212906 0.000010 0.005210 0.000118 0.000010 0.434001 0.029886 0.096701
0.330527 0.007825 0.288501 0.003456 0.000010 0.014327 0.008894 0.154184 0.011811 0.180465
0.327796 0.009705 0.344756 0.000010 0.043985 0.008756 0.019988 0.158938 0.000010 0.086055
0.374153 0.000010 0.364010 0.000010 0.014154 0.000010 0.031736 0.132126 0.000010 0.083779
0.334392 0.014972 0.267787 0.000010 0.000010 0.000010 0.007704 0.148317 0.014302 0.212497
0.365390 0.008433 0.440657 0.007972 0.017787 0.000010 0.088632 0.064708 0.000010 0.006400
0.320711 0.002147 0.344743 0.000010 0.000010 0.000010 0.053535 0.156718 0.006245 0.115871
0.333700 0.016885 0.302581 0.009217 0.010852 0.000010 0.003394 0.129352 0.016564 0.177445
0.451297 0.000010 0.406668 0.000010 0.005372 0.007015 0.000010 0.057274 0.000010 0.072333
0.454788 0.000019 0.318093 0.000010 0.019361 0.017204 0.022173 0.099101 0.000010 0.069242
0.401279 0.005699 0.316815 0.000010 0.000010 0.022136 0.001107 0.159463 0.000010 0.093471
0.362173 0.000010 0.335747 0.018234 0.046786 0.000010 0.000010 0.172074 0.000010 0.064946
0.349711 0.000010 0.321253 0.000010 0.012525 0.007330 0.024131 0.150114 0.000010 0.134906
0.382841 0.019124 0.289643 0.000010 0.021734 0.000010 0.000010 0.179773 0.002441 0.104416
0.288202 0.005374 0.246765 0.042323 0.000654 0.006136 0.012992 0.226143 0.000010 0.171399
0.265009 0.018995 0.274897 0.016545 0.020684 0.000010 0.007230 0.210234 0.013938 0.172457
0.313164 0.029926 0.266957 0.000010 0.000010 0.020376 0.020795 0.218543 0.008222 0.121997
0.330512 0.009155 0.331718 0.000010 0.047909 0.000010 0.009486 0.203284 0.000010 0.067906
0.403798 0.000010 0.362886 0.000010 0.000010 0.006792 0.026019 0.145855 0.000010 0.054611
0.342816 0.016077 0.301190 0.004235 0.014456 0.015191 0.000010 0.152915 0.000010 0.153101
0.436342 0.000010 0.351871 0.000010 0.025443 0.006931 0.048174 0.100264 0.000010 0.030946
0.393323 0.000010 0.331592 0.000010 0.040621 0.005439 0.000010 0.126116 0.015840 0.087038
0.434823 0.012976 0.304820 0.000010 0.009113 0.006986 0.016513 0.102047 0.000010 0.112702
0.134821 0.058512 0.082350 0.000010 0.000010 0.000010 0.000010 0.081302 0.000010 0.642964
0.236435 0.048461 0.152449 0.000010 0.003342 0.009928 0.035473 0.040043 0.000010 0.473849
0.304729 0.012420 0.287563 0.014862 0.001102 0.005507 0.000010 0.169812 0.016971 0.187023
0.339386 0.017526 0.348598 0.000010 0.049897 0.003732 0.029400 0.125534 0.007905 0.078014
0.273204 0.003079 0.287624 0.005881 0.027912 0.000010 0.015743 0.311370 0.000010 0.075166
0.403906 0.010410 0.309084 0.022524 0.000010 0.003087 0.012789 0.238170 0.000010 0.000010
0.376862 0.008264 0.342625 0.023012 0.000010 0.005021 0.000010 0.214322 0.000010 0.029865
0.261658 0.035701 0.259852 0.000010 0.006379 0.000010 0.000010 0.298743 0.011644 0.125993
0.441034 0.000010 0.345987 0.000010 0.004160 0.000010 0.040196 0.162679 0.004387 0.001528
0.371026 0.000010 0.299743 0.000010 0.010214 0.012623 0.011032 0.284653 0.000010 0.010679
0.484078 0.004822 0.339843 0.016393 0.000010 0.000010 0.009804 0.109822 0.000010 0.035209
0.317595 0.011923 0.252572 0.011759 0.010880 0.004903 0.000010 0.282139 0.000010 0.108209
0.350043 0.007287 0.312666 0.014606 0.004814 0.012324 0.000010 0.256129 0.000010 0.042112
0.309573 0.012942 0.284168 0.000010 0.007179 0.000010 0.022516 0.255685 0.023519 0.084398
0.291532 0.005862 0.207604 0.000010 0.000010 0.004995 0.021533 0.264335 0.026360 0.177759
