0.057139 0.080286 0.020212 0.000010 0.000010 0.842332 0.000010
0.083241 0.096839 0.004441 0.000019 0.000010 0.815440 0.000010
0.094214 0.000010 0.004843 0.000010 0.551723 0.000010 0.349189
0.088711 0.000010 0.000010 0.000010 0.562723 0.012543 0.335993
0.011980 0.982234 0.000010 0.000010 0.000015 0.005741 0.000010
0.023339 0.001733 0.002966 0.906254 0.047592 0.018105 0.000010
0.035733 0.000010 0.000010 0.000010 0.254811 0.006507 0.702919
0.000010 0.999940 0.000010 0.000010 0.000010 0.000010 0.000010
0.016373 0.028143 0.000010 0.885409 0.030358 0.007690 0.032016
0.000010 0.000010 0.000010 0.980830 0.019120 0.000010 0.000010
0.016774 0.001804 0.007030 0.942515 0.013429 0.018439 0.000010
0.000010 0.013471 0.986479 0.000010 0.000010 0.000010 0.000010
0.000010 0.000010 0.000014 0.000010 0.000010 0.999936 0.000010
0.000010 0.000010 0.000010 0.000010 0.570888 0.008405 0.420667
0.000010 0.000010 0.000010 0.999940 0.000010 0.000010 0.000010
0.021388 0.000010 0.000010 0.000407 0.249488 0.008471 0.720226
0.030936 0.000010 0.000010 0.000010 0.247383 0.012626 0.709025
0.031953 0.000010 0.012739 0.000010 0.189915 0.000010 0.765363
0.000010 0.000010 0.006651 0.000010 0.265036 0.005115 0.723168
0.000010 0.000010 0.008467 0.001546 0.253712 0.011525 0.724730
0.064402 0.000010 0.000010 0.000010 0.166431 0.000010 0.769127
0.000010 0.003622 0.000010 0.000010 0.245931 0.012309 0.738107
0.017097 0.000010 0.005616 0.003094 0.261058 0.000010 0.713115
0.027612 0.000010 0.006517 0.004191 0.231376 0.000010 0.730284
0.025795 0.000010 0.004768 0.000010 0.225955 0.000010 0.743452
0.000010 0.000010 0.001485 0.001114 0.229368 0.000010 0.768003
0.008042 0.000010 0.011914 0.000010 0.244210 0.001413 0.734402
0.000010 0.005032 0.000010 0.000433 0.249509 0.000010 0.744997
0.021271 0.000010 0.000010 0.000010 0.230757 0.000010 0.747932
0.028187 0.000010 0.004320 0.000010 0.204258 0.001162 0.762053
0.016089 0.000010 0.004067 0.000010 0.277990 0.000010 0.701825
0.016540 0.000010 0.000010 0.000010 0.269526 0.000348 0.713556
0.006670 0.000010 0.000010 0.000010 0.240655 0.000670 0.751975
0.020899 0.000010 0.000803 0.000010 0.246060 0.008988 0.723230
0.000010 0.006677 0.009131 0.000010 0.233449 0.000010 0.750713
0.014994 0.000010 0.000010 0.000010 0.217697 0.009277 0.758002
0.020584 0.006538 0.008723 0.000010 0.234380 0.002042 0.727723
0.003938 0.000010 0.005087 0.000010 0.229395 0.000010 0.761550
0.000010 0.004716 0.000010 0.000010 0.202576 0.000340 0.792338
0.004879 0.000010 0.000010 0.000973 0.224976 0.000010 0.769142
0.000010 0.000010 0.008435 0.000010 0.237893 0.000010 0.753632
0.012894 0.000010 0.004078 0.007385 0.242354 0.000010 0.733269
0.010414 0.000710 0.008713 0.014751 0.183220 0.011538 0.770652
0.016705 0.000010 0.004668 0.000732 0.245005 0.008612 0.724269
0.018517 0.000385 0.000010 0.000010 0.274508 0.005291 0.701280
0.022769 0.000010 0.000010 0.000010 0.262108 0.003368 0.711725
0.013346 0.000010 0.000010 0.000010 0.231572 0.000010 0.755043
0.015050 0.000010 0.000010 0.000010 0.267770 0.001766 0.715383
0.040884 0.000010 0.002982 0.000010 0.255133 0.000575 0.700406
0.008884 0.000010 0.000010 0.000010 0.281500 0.000010 0.709576
0.008542 0.000010 0.000010 0.000010 0.269512 0.011086 0.710830
0.029040 0.000010 0.011277 0.002604 0.204373 0.003102 0.749594
0.003498 0.000010 0.004634 0.005059 0.254399 0.000010 0.732389
0.018907 0.000010 0.000010 0.000010 0.239043 0.002098 0.739921
0.006754 0.000010 0.000010 0.000010 0.270843 0.000010 0.722364
0.000010 0.001381 0.011588 0.000010 0.224900 0.008506 0.753606
0.000010 0.000010 0.003855 0.010888 0.269970 0.000010 0.715258
0.000010 0.000010 0.002029 0.000010 0.246497 0.009468 0.741976
0.017330 0.000010 0.000010 0.000010 0.243048 0.001706 0.737887
0.003091 0.000010 0.000010 0.008726 0.235744 0.007118 0.745300
0.008560 0.000010 0.000010 0.000010 0.276756 0.001755 0.712899
0.025125 0.000010 0.008239 0.001277 0.255270 0.004621 0.705459
0.000010 0.000010 0.000010 0.000010 0.277482 0.014604 0.707874
0.012195 0.000010 0.000010 0.001916 0.246634 0.000010 0.739226
0.000010 0.012126 0.000010 0.000010 0.232000 0.004713 0.751132
0.045116 0.004085 0.003565 0.000684 0.249000 0.008370 0.689179
0.003839 0.000010 0.000010 0.000010 0.230449 0.018419 0.747263
0.026088 0.000010 0.000010 0.000010 0.260381 0.000010 0.713491
0.000010 0.000010 0.000830 0.000010 0.271672 0.000010 0.727458
0.000010 0.000010 0.011151 0.000010 0.258775 0.011267 0.718777
0.007792 0.016951 0.008515 0.000010 0.256061 0.000010 0.710661
0.000010 0.000010 0.008607 0.000010 0.237064 0.015240 0.739060
0.015815 0.000161 0.015439 0.000010 0.236963 0.010837 0.720775
0.000010 0.000567 0.000010 0.000010 0.267452 0.012659 0.719292
0.023985 0.000010 0.000552 0.000010 0.248912 0.006157 0.720374
0.002626 0.066341 0.007935 0.005620 0.000010 0.000010 0.917458
0.000010 0.070026 0.011055 0.000010 0.034872 0.000010 0.884017
0.007278 0.032628 0.018998 0.000010 0.073583 0.008532 0.858970
0.000010 0.070140 0.000010 0.017622 0.016814 0.000010 0.895393
0.001540 0.054920 0.020401 0.018586 0.026582 0.001405 0.876566
0.032771 0.039593 0.013083 0.010010 0.017398 0.009708 0.877436
0.007964 0.055114 0.013277 0.003878 0.042845 0.000010 0.876910
0.017010 0.062645 0.013411 0.000010 0.031854 0.000010 0.875059
0.004891 0.057865 0.000010 0.018768 0.197268 0.000010 0.721189
0.021142 0.051879 0.033018 0.008739 0.001213 0.000010 0.883998
0.031894 0.054452 0.021698 0.008990 0.006444 0.005820 0.870702
0.040871 0.057816 0.000905 0.014348 0.000010 0.000010 0.886039
0.013225 0.043576 0.024957 0.013140 0.031897 0.012081 0.861124
0.000010 0.064810 0.025707 0.009418 0.033280 0.000010 0.866765
0.023242 0.033604 0.006164 0.008638 0.021568 0.005698 0.901086
0.008761 0.068937 0.019904 0.003134 0.048545 0.008810 0.841908
0.012986 0.041716 0.009330 0.016837 0.080776 0.000010 0.838345
0.013140 0.000010 0.021804 0.000010 0.259120 0.000010 0.705905
0.030137 0.000010 0.000010 0.000010 0.258188 0.008678 0.702968
0.000010 0.000010 0.000641 0.004862 0.272179 0.003601 0.718697
0.032734 0.000010 0.000010 0.000010 0.243695 0.009735 0.713806
0.033297 0.000204 0.000010 0.000010 0.272193 0.000010 0.694275
0.002606 0.000010 0.000010 0.009308 0.266775 0.000010 0.721281
0.010735 0.000010 0.010918 0.000010 0.263560 0.001812 0.712956
0.033044 0.000010 0.002823 0.000010 0.275622 0.003288 0.685203
0.000010 0.000010 0.000010 0.018838 0.237402 0.006027 0.737703
0.009591 0.000010 0.000570 0.000010 0.239362 0.000745 0.749712
0.025818 0.000010 0.009905 0.000010 0.263779 0.006720 0.693758
0.015666 0.000010 0.010610 0.000010 0.255185 0.000010 0.718510
0.011123 0.000010 0.006880 0.000010 0.297810 0.009581 0.674586
0.014315 0.000010 0.001976 0.000010 0.272554 0.000010 0.711125
0.005442 0.000010 0.000010 0.000010 0.243095 0.019167 0.732267
0.000010 0.010948 0.009257 0.000010 0.237558 0.002500 0.739717
0.019869 0.001001 0.000396 0.000010 0.311030 0.000010 0.667684
0.023430 0.000010 0.011762 0.000010 0.264676 0.000676 0.699436
0.018343 0.000338 0.000010 0.000885 0.264571 0.001466 0.714386
0.000010 0.000010 0.000010 0.004999 0.273993 0.008564 0.712414
0.003674 0.000010 0.000010 0.003469 0.282819 0.015100 0.694919
0.007908 0.000010 0.000010 0.001118 0.248954 0.004340 0.737660
0.006560 0.000010 0.000010 0.002624 0.227674 0.006179 0.756942
0.023765 0.000010 0.003370 0.000010 0.267937 0.000010 0.704899
0.000010 0.000010 0.000010 0.000010 0.265447 0.001489 0.733024
0.008309 0.000010 0.003776 0.000010 0.241017 0.000010 0.746869
0.000010 0.000010 0.002697 0.000010 0.239179 0.012088 0.746007
0.000010 0.000010 0.000010 0.000010 0.273722 0.007952 0.718286
0.015388 0.000010 0.000010 0.000010 0.297478 0.000010 0.687094
0.021791 0.000010 0.000010 0.000010 0.243514 0.013562 0.721104
0.000010 0.000010 0.005333 0.000010 0.252687 0.006312 0.735639
0.005182 0.002491 0.006937 0.000010 0.220252 0.001227 0.763901
0.015617 0.044170 0.014734 0.024219 0.042274 0.005490 0.853495
0.027954 0.041502 0.016597 0.000010 0.000010 0.013047 0.900880
0.000010 0.044842 0.021985 0.004983 0.032410 0.000010 0.895759
0.023423 0.041901 0.013064 0.000010 0.000010 0.012382 0.909210
0.011208 0.037593 0.004129 0.001392 0.052266 0.015477 0.877936
0.025738 0.068476 0.021094 0.005606 0.000010 0.000894 0.878183
0.043633 0.058963 0.005432 0.001978 0.005406 0.004007 0.880580
0.000010 0.064763 0.012070 0.000010 0.070524 0.003163 0.849460
0.000010 0.067719 0.008667 0.000010 0.069562 0.000010 0.854022
0.031082 0.034398 0.000010 0.000010 0.076908 0.005568 0.852024
0.000010 0.043160 0.029185 0.021906 0.005423 0.017466 0.882850
0.028189 0.019800 0.027451 0.008800 0.060438 0.004300 0.851022
0.032087 0.035883 0.021263 0.004268 0.029743 0.000010 0.876746
0.016592 0.060223 0.006659 0.000760 0.003096 0.014129 0.898540
0.013817 0.052195 0.021650 0.000010 0.015527 0.006539 0.890262
0.018694 0.070718 0.010096 0.000010 0.021931 0.003237 0.875314
0.027366 0.016893 0.025051 0.025881 0.014727 0.006638 0.883445
0.009262 0.066883 0.007050 0.000010 0.000010 0.000010 0.916775
0.031035 0.040098 0.019255 0.011002 0.000010 0.004401 0.894198
0.029564 0.064958 0.004696 0.000010 0.000010 0.001149 0.899613
0.031601 0.063907 0.003408 0.000010 0.033147 0.007955 0.859974
0.000010 0.074800 0.010814 0.000010 0.015554 0.011645 0.887168
0.012497 0.037209 0.019271 0.012772 0.000010 0.002517 0.915723
0.026550 0.056229 0.013387 0.011093 0.030781 0.000010 0.861949
0.033999 0.065677 0.005837 0.000010 0.047623 0.000100 0.846754
0.026146 0.058770 0.015315 0.000010 0.032561 0.000010 0.867189
0.003977 0.046636 0.010748 0.005214 0.034849 0.000010 0.898566
0.007934 0.032630 0.005025 0.009947 0.099273 0.000075 0.845116
0.030703 0.035178 0.021252 0.015078 0.051545 0.006747 0.839496
0.026747 0.060265 0.000213 0.004069 0.010660 0.004735 0.893311
0.019429 0.033833 0.020827 0.014341 0.064395 0.006470 0.840704
0.005468 0.052972 0.011840 0.000010 0.047666 0.000010 0.882034
0.023002 0.043221 0.017050 0.017360 0.000010 0.003745 0.895613
0.002818 0.054677 0.023328 0.004711 0.075748 0.001543 0.837176
0.021147 0.050653 0.013386 0.000010 0.015397 0.007771 0.891636
0.005031 0.044185 0.019165 0.030745 0.003028 0.018044 0.879802
0.008334 0.040207 0.016464 0.014164 0.000010 0.000010 0.920812
0.008538 0.064339 0.034128 0.000010 0.000010 0.004553 0.888422
0.002805 0.063576 0.034360 0.000010 0.008437 0.000010 0.890802
0.044881 0.047853 0.011659 0.000010 0.037336 0.000010 0.858250
0.000010 0.027659 0.019183 0.019383 0.042952 0.003377 0.887435
0.023427 0.032483 0.023807 0.001435 0.081558 0.000010 0.837281
0.033366 0.051221 0.000010 0.001093 0.044264 0.005157 0.864888
0.027219 0.033238 0.016219 0.001981 0.055101 0.000010 0.866233
0.048118 0.037835 0.020589 0.002282 0.072380 0.004852 0.813944
0.000010 0.027081 0.024101 0.000010 0.068464 0.004103 0.876231
0.000010 0.050316 0.015323 0.000010 0.066931 0.002160 0.865251
0.004018 0.062468 0.008193 0.014162 0.036637 0.002271 0.872251
0.006642 0.027509 0.016892 0.000010 0.072212 0.000010 0.876725
0.005110 0.047102 0.005758 0.009340 0.005258 0.000010 0.927422
0.028587 0.057669 0.000508 0.000010 0.047605 0.003393 0.862228
0.019965 0.018613 0.013585 0.020055 0.160264 0.012157 0.755361
0.000010 0.081289 0.000010 0.000010 0.015811 0.013923 0.888947
0.000010 0.046721 0.024441 0.015159 0.000010 0.007186 0.906473
0.007796 0.044470 0.018243 0.000010 0.110315 0.009617 0.809550
0.000010 0.064133 0.000010 0.004128 0.011732 0.012732 0.907255
0.003487 0.032642 0.025379 0.005809 0.036147 0.005595 0.890942
0.024471 0.051207 0.010501 0.000010 0.000010 0.006142 0.907659
0.013401 0.018414 0.002940 0.007673 0.108259 0.003120 0.846193
0.000010 0.052058 0.013347 0.010525 0.042442 0.006696 0.874922
0.000995 0.078836 0.005826 0.000025 0.026019 0.005200 0.883098
0.020705 0.021804 0.016682 0.000010 0.053649 0.000010 0.887140
0.005573 0.058153 0.016505 0.015393 0.036272 0.002204 0.865899
0.008749 0.036654 0.017887 0.002524 0.037193 0.007488 0.889504
0.000010 0.058957 0.023051 0.002670 0.000010 0.000010 0.915292
0.016941 0.050448 0.005316 0.008636 0.057369 0.007621 0.853670
0.028165 0.042631 0.013418 0.002415 0.050435 0.000010 0.862926
0.041442 0.054286 0.006100 0.007911 0.000010 0.007064 0.883188
0.026540 0.040506 0.010820 0.002333 0.025941 0.002833 0.891027
0.028687 0.049774 0.004832 0.009887 0.027401 0.002435 0.876984
0.000240 0.056722 0.032602 0.014581 0.005137 0.000010 0.890707
0.039847 0.049485 0.017840 0.008644 0.023125 0.000010 0.861047
0.000010 0.082260 0.010127 0.000010 0.049745 0.000010 0.857838
0.023436 0.048912 0.020951 0.003733 0.000010 0.011611 0.891347
0.007636 0.044250 0.039519 0.005547 0.017021 0.000010 0.886017
0.024342 0.055055 0.012161 0.000010 0.070514 0.001420 0.836498
0.000010 0.061214 0.007301 0.000010 0.034145 0.002545 0.894776
0.032070 0.065158 0.019250 0.005890 0.005194 0.000010 0.872428
0.013248 0.054716 0.023666 0.004354 0.000010 0.003947 0.900060
0.012100 0.041163 0.003251 0.001139 0.091374 0.024983 0.825989
0.005570 0.150570 0.055546 0.000010 0.020569 0.000010 0.767726
0.019619 0.069490 0.007168 0.003467 0.005994 0.004976 0.889286
0.022748 0.042644 0.009926 0.007606 0.009256 0.006036 0.901784
0.014028 0.041658 0.009977 0.001413 0.119038 0.000010 0.813876
0.028865 0.042499 0.000010 0.006994 0.000010 0.002096 0.919525
0.019865 0.037141 0.027018 0.007220 0.000010 0.014757 0.893989
0.001389 0.048691 0.000254 0.015788 0.000010 0.012438 0.921429
0.047618 0.027143 0.021412 0.005395 0.019376 0.000010 0.879046
0.000010 0.997216 0.000010 0.000010 0.000010 0.002734 0.000010
0.000010 0.983577 0.014496 0.000010 0.000010 0.001887 0.000010
0.000011 0.996917 0.000014 0.000258 0.000010 0.002779 0.000010
0.000010 0.997527 0.000011 0.000010 0.000010 0.002422 0.000010
0.000010 0.977634 0.012438 0.000010 0.000010 0.009888 0.000010
0.000011 0.992471 0.000016 0.000010 0.000010 0.007472 0.000010
0.000010 0.999940 0.000010 0.000010 0.000010 0.000010 0.000010
0.007653 0.989954 0.000010 0.000010 0.000010 0.002353 0.000010
0.000010 0.999940 0.000010 0.000010 0.000010 0.000010 0.000010
0.000010 0.994957 0.002969 0.000012 0.000010 0.002033 0.000010
0.000010 0.994398 0.001209 0.004055 0.000010 0.000308 0.000010
0.000010 0.998921 0.000010 0.000010 0.000010 0.001029 0.000010
0.000010 0.998753 0.000010 0.000010 0.000010 0.001197 0.000010
0.008861 0.982984 0.008115 0.000010 0.000010 0.000010 0.000010
0.000010 0.988186 0.000010 0.000010 0.000010 0.011764 0.000010
0.000010 0.993143 0.006805 0.000011 0.000010 0.000011 0.000010
0.000010 0.983448 0.011720 0.000010 0.000010 0.004792 0.000010
0.000010 0.995211 0.000010 0.000010 0.000010 0.004739 0.000010
0.000010 0.999940 0.000010 0.000010 0.000010 0.000010 0.000010
0.000010 0.988915 0.004528 0.000010 0.000010 0.006517 0.000010
0.000010 0.999940 0.000010 0.000010 0.000010 0.000010 0.000010
0.000010 0.989376 0.006631 0.000010 0.000010 0.000010 0.003954
0.000011 0.984157 0.012583 0.000010 0.000010 0.003219 0.000010
0.000010 0.997552 0.000010 0.000010 0.000010 0.002398 0.000010
0.000010 0.999008 0.000942 0.000010 0.000010 0.000010 0.000010
0.000010 0.999940 0.000010 0.000010 0.000010 0.000010 0.000010
0.000010 0.996771 0.000010 0.000010 0.000010 0.003179 0.000010
0.000010 0.982278 0.009382 0.000010 0.000010 0.008300 0.000010
0.000010 0.991248 0.008702 0.000010 0.000010 0.000010 0.000010
0.000012 0.976950 0.010854 0.000010 0.000010 0.012154 0.000010
0.000010 0.999940 0.000010 0.000010 0.000010 0.000010 0.000010
0.000010 0.999940 0.000010 0.000010 0.000010 0.000010 0.000010
0.000010 0.989646 0.000010 0.000010 0.000010 0.007640 0.002674
0.002309 0.978129 0.016347 0.000010 0.000010 0.003185 0.000010
0.000010 0.983182 0.011192 0.000010 0.000010 0.005586 0.000010
0.000010 0.989795 0.003420 0.004101 0.000010 0.002654 0.000010
0.000010 0.980180 0.013291 0.000010 0.000010 0.006488 0.000010
0.008438 0.991507 0.000015 0.000010 0.000010 0.000010 0.000010
0.000010 0.998652 0.000010 0.000010 0.000010 0.001298 0.000010
0.000010 0.998682 0.000010 0.000012 0.000010 0.001266 0.000010
0.000010 0.992699 0.003966 0.000010 0.003295 0.000010 0.000010
0.000010 0.992065 0.007882 0.000013 0.000010 0.000010 0.000010
0.000010 0.007389 0.128496 0.078944 0.366524 0.001836 0.416801
0.045098 0.000010 0.205133 0.165514 0.330112 0.003356 0.250776
0.018518 0.000010 0.134480 0.078323 0.351458 0.014863 0.402347
0.000010 0.992992 0.006954 0.000010 0.000014 0.000010 0.000010
0.000010 0.990320 0.009630 0.000010 0.000010 0.000010 0.000010
0.000010 0.990431 0.009519 0.000010 0.000010 0.000010 0.000010
0.000010 0.987964 0.000010 0.000010 0.000017 0.011979 0.000010
0.000010 0.999940 0.000010 0.000010 0.000010 0.000010 0.000010
0.000010 0.986776 0.013171 0.000010 0.000010 0.000013 0.000010
0.000011 0.992939 0.007009 0.000010 0.000010 0.000010 0.000010
0.000010 0.993336 0.000010 0.000010 0.003022 0.003602 0.000010
0.000010 0.991508 0.000010 0.000010 0.000010 0.008442 0.000010
0.000010 0.999937 0.000010 0.000010 0.000010 0.000013 0.000010
0.000010 0.990646 0.009304 0.000010 0.000010 0.000010 0.000010
0.023826 0.976122 0.000010 0.000010 0.000010 0.000012 0.000010
0.000010 0.962946 0.022768 0.000010 0.006907 0.000010 0.007349
0.000010 0.999815 0.000010 0.000010 0.000010 0.000135 0.000010
0.000010 0.999154 0.000010 0.000010 0.000010 0.000796 0.000010
0.000010 0.999924 0.000026 0.000010 0.000010 0.000010 0.000010
0.000010 0.999940 0.000010 0.000010 0.000010 0.000010 0.000010
0.000010 0.996905 0.003045 0.000010 0.000010 0.000010 0.000010
0.000010 0.995327 0.000010 0.000010 0.000012 0.004621 0.000010
0.000010 0.999940 0.000010 0.000010 0.000010 0.000010 0.000010
0.000010 0.984195 0.008650 0.000010 0.000010 0.007115 0.000010
0.000010 0.999940 0.000010 0.000010 0.000010 0.000010 0.000010
0.000010 0.997061 0.000010 0.000010 0.000010 0.002889 0.000010
0.000010 0.999940 0.000010 0.000010 0.000010 0.000010 0.000010
0.000010 0.997232 0.002718 0.000010 0.000010 0.000010 0.000010
0.000010 0.997009 0.000010 0.000010 0.000010 0.002941 0.000010
0.000010 0.985856 0.007325 0.000010 0.000010 0.006779 0.000010
0.000015 0.999446 0.000499 0.000010 0.000010 0.000010 0.000010
0.006386 0.974801 0.000010 0.000010 0.000010 0.018773 0.000010
0.000010 0.999934 0.000016 0.000010 0.000010 0.000010 0.000010
0.000010 0.987968 0.000954 0.000010 0.000010 0.011038 0.000010
0.000010 0.994826 0.005124 0.000010 0.000010 0.000010 0.000010
0.000010 0.999940 0.000010 0.000010 0.000010 0.000010 0.000010
0.000010 0.991574 0.000011 0.000010 0.000010 0.008374 0.000010
0.000010 0.999940 0.000010 0.000010 0.000010 0.000010 0.000010
0.000332 0.010253 0.126273 0.164977 0.317950 0.015351 0.364863
0.000010 0.000010 0.169451 0.155464 0.325668 0.014570 0.334828
0.000010 0.000010 0.096266 0.059830 0.397973 0.017576 0.428336
0.000010 0.007425 0.155216 0.077050 0.370441 0.002881 0.386977
0.000010 0.999940 0.000010 0.000010 0.000010 0.000010 0.000010
0.000010 0.991337 0.008611 0.000012 0.000010 0.000010 0.000010
0.000011 0.998634 0.000010 0.000010 0.000010 0.000010 0.001315
0.000010 0.999939 0.000010 0.000011 0.000010 0.000010 0.000010
0.000010 0.981736 0.000010 0.000011 0.000010 0.018213 0.000010
0.000012 0.987291 0.004757 0.000010 0.000010 0.007911 0.000010
0.000013 0.996034 0.003913 0.000010 0.000010 0.000010 0.000010
0.000010 0.988238 0.011712 0.000010 0.000010 0.000010 0.000010
0.000010 0.991238 0.000015 0.000010 0.000010 0.008707 0.000010
0.000010 0.989678 0.000475 0.000010 0.000010 0.009807 0.000010
0.000010 0.994610 0.000010 0.000010 0.000010 0.005340 0.000010
0.000010 0.999452 0.000010 0.000010 0.000010 0.000498 0.000010
0.000010 0.980652 0.006549 0.000010 0.000010 0.012759 0.000010
0.000010 0.995973 0.000010 0.000010 0.000010 0.003977 0.000010
0.000010 0.999938 0.000010 0.000010 0.000010 0.000012 0.000010
0.000010 0.984460 0.005328 0.000010 0.005598 0.004584 0.000010
0.000010 0.978447 0.011298 0.000010 0.000010 0.010216 0.000010
0.000010 0.989955 0.005278 0.001820 0.002720 0.000208 0.000010
0.000010 0.999940 0.000010 0.000010 0.000010 0.000010 0.000010
0.000010 0.992022 0.007925 0.000013 0.000010 0.000010 0.000010
0.000010 0.999940 0.000010 0.000010 0.000010 0.000010 0.000010
0.000010 0.993840 0.000010 0.000013 0.000010 0.006107 0.000010
0.000010 0.990161 0.000012 0.000010 0.000010 0.009787 0.000010
0.000010 0.996385 0.000010 0.000010 0.000010 0.003565 0.000010
0.000010 0.994661 0.000010 0.000010 0.005289 0.000010 0.000010
0.000010 0.990450 0.000010 0.000010 0.002309 0.000366 0.006845
0.007688 0.992262 0.000010 0.000010 0.000010 0.000010 0.000010
0.000010 0.999899 0.000010 0.000010 0.000010 0.000051 0.000010
0.001774 0.000010 0.086668 0.024965 0.432954 0.010525 0.443105
0.010990 0.000010 0.109011 0.051449 0.380859 0.022074 0.425607
0.000010 0.017308 0.200577 0.096561 0.320463 0.001787 0.363293
0.001529 0.000010 0.109987 0.050312 0.341795 0.007919 0.488449
0.000010 0.000010 0.114399 0.076015 0.359118 0.008807 0.441641
0.000010 0.000010 0.061829 0.044554 0.315537 0.013877 0.564183
0.000010 0.000010 0.144657 0.120978 0.377680 0.007197 0.349469
0.000010 0.000010 0.063123 0.068975 0.393566 0.000010 0.474306
0.000010 0.000010 0.230247 0.088227 0.322789 0.011757 0.346960
0.010664 0.985502 0.000010 0.000010 0.000014 0.003791 0.000010
0.000010 0.983420 0.000010 0.000010 0.000010 0.016530 0.000010
0.012291 0.971916 0.001184 0.000010 0.000010 0.014579 0.000010
0.000010 0.988627 0.000011 0.000010 0.000010 0.011322 0.000010
0.028250 0.964830 0.000010 0.000010 0.001919 0.004971 0.000010
0.000010 0.975744 0.000010 0.000015 0.000011 0.024200 0.000010
0.005376 0.979142 0.000010 0.000010 0.000010 0.015442 0.000010
0.002916 0.972461 0.000010 0.000010 0.000010 0.024583 0.000010
0.011981 0.970118 0.002915 0.000010 0.000010 0.011202 0.003765
0.019091 0.964641 0.000010 0.000010 0.002130 0.014107 0.000010
0.000017 0.985562 0.000010 0.000010 0.000010 0.014381 0.000010
0.005753 0.973095 0.000010 0.001529 0.000013 0.019591 0.000010
0.000013 0.982270 0.000010 0.000011 0.000010 0.017676 0.000010
0.004631 0.972044 0.000010 0.000012 0.000010 0.023283 0.000010
0.000010 0.985625 0.000010 0.002101 0.000016 0.012228 0.000010
0.000010 0.000010 0.100100 0.085706 0.349616 0.000010 0.464548
0.000010 0.015262 0.137912 0.112802 0.353062 0.012743 0.368209
0.000010 0.001030 0.129062 0.222655 0.294412 0.000010 0.352822
0.022143 0.000010 0.191574 0.208262 0.260586 0.009037 0.308389
0.005405 0.000010 0.182509 0.202038 0.278871 0.009629 0.321539
0.000010 0.000476 0.148189 0.071552 0.388777 0.006050 0.384947
0.000433 0.019600 0.104140 0.110719 0.341997 0.007970 0.415139
0.000010 0.000010 0.167826 0.125933 0.324598 0.007157 0.374466
0.000010 0.011302 0.111045 0.091862 0.330538 0.005066 0.450176
0.000013 0.000010 0.140958 0.065167 0.386903 0.001687 0.405263
0.000010 0.011063 0.138083 0.311774 0.284111 0.002289 0.252670
0.000010 0.008173 0.118153 0.179491 0.330019 0.003994 0.360160
0.000011 0.013796 0.136088 0.062613 0.364661 0.000010 0.422821
0.000010 0.000010 0.134083 0.093200 0.355226 0.012029 0.405442
0.020223 0.000010 0.170890 0.064391 0.374406 0.009828 0.360252
0.001514 0.000010 0.156845 0.054624 0.364826 0.000010 0.422169
0.000011 0.000010 0.130436 0.091558 0.400559 0.009590 0.367835
0.000010 0.008959 0.146749 0.069411 0.361179 0.009629 0.404062
0.000010 0.003727 0.045576 0.111714 0.341318 0.004658 0.492998
0.019961 0.017767 0.170706 0.193999 0.267785 0.021280 0.308501
0.016988 0.000010 0.124706 0.159454 0.344466 0.012248 0.342128
0.000018 0.000010 0.220800 0.081175 0.320736 0.008301 0.368960
0.000010 0.023723 0.142569 0.203053 0.316930 0.003784 0.309932
0.008073 0.000010 0.167370 0.091393 0.366745 0.000010 0.366399
0.003724 0.044103 0.108653 0.108111 0.343226 0.000010 0.392173
0.017128 0.000010 0.184024 0.134201 0.325065 0.008614 0.330957
0.000010 0.000010 0.120307 0.167176 0.316413 0.000010 0.396074
0.014408 0.007924 0.136127 0.163936 0.303950 0.004636 0.369018
0.008702 0.007056 0.132930 0.226114 0.284937 0.005521 0.334741
0.000010 0.015530 0.115265 0.138390 0.326269 0.003185 0.401350
0.000010 0.004539 0.134538 0.096212 0.343409 0.003442 0.417849
0.000010 0.027919 0.149586 0.083362 0.336359 0.019415 0.383349
0.012145 0.000010 0.139875 0.093550 0.361712 0.003335 0.389374
0.000010 0.013353 0.164117 0.137577 0.332375 0.007472 0.345095
0.000019 0.000010 0.126716 0.174959 0.305856 0.000010 0.392430
0.009380 0.000010 0.127796 0.083073 0.361351 0.000010 0.418380
0.005740 0.000010 0.092200 0.060842 0.385102 0.002597 0.453509
0.000010 0.003376 0.126006 0.215480 0.342955 0.000010 0.312164
0.010216 0.000010 0.058861 0.622098 0.100743 0.004386 0.203685
0.000010 0.014915 0.150038 0.132462 0.347934 0.002400 0.352241
0.000010 0.010644 0.142592 0.108215 0.338956 0.000242 0.399341
0.007012 0.000010 0.072406 0.033019 0.337763 0.008304 0.541486
0.000010 0.007937 0.299384 0.001977 0.319963 0.004327 0.366402
0.018414 0.000012 0.112176 0.010636 0.380020 0.000010 0.478733
0.000010 0.020569 0.248867 0.043108 0.348394 0.010615 0.328437
0.000010 0.000010 0.227652 0.060299 0.334535 0.010462 0.367032
0.000010 0.000010 0.266648 0.137906 0.255606 0.004360 0.335460
0.011212 0.000010 0.257999 0.091892 0.306437 0.017290 0.315160
0.020945 0.000010 0.249881 0.063990 0.301101 0.010325 0.353747
0.002899 0.000010 0.250434 0.068941 0.303339 0.000010 0.374367
0.001249 0.007917 0.150579 0.013199 0.348399 0.002425 0.476233
0.000014 0.000010 0.225504 0.124580 0.303001 0.023233 0.323658
0.000010 0.016989 0.282044 0.105386 0.307935 0.003062 0.284574
0.023762 0.000010 0.317141 0.021182 0.300516 0.007349 0.330040
0.000010 0.000010 0.272086 0.178362 0.246685 0.000010 0.302837
0.023551 0.000010 0.252109 0.041994 0.309295 0.006856 0.366185
0.019440 0.000010 0.342711 0.199451 0.213045 0.000010 0.225333
0.000080 0.000010 0.243921 0.072248 0.289367 0.009109 0.385264
0.000010 0.024560 0.433311 0.095483 0.217207 0.002049 0.227381
0.000010 0.012145 0.151311 0.185864 0.297316 0.015303 0.338051
0.032173 0.002694 0.156649 0.094624 0.361784 0.012661 0.339415
0.008211 0.000010 0.131182 0.083882 0.384091 0.000010 0.392614
0.000010 0.010308 0.146027 0.224840 0.275686 0.000010 0.343120
0.040759 0.001092 0.065978 0.015579 0.479775 0.000010 0.396806
0.000010 0.006235 0.156125 0.119059 0.374180 0.000010 0.344381
0.000010 0.026882 0.127136 0.191868 0.312604 0.000010 0.341489
0.000010 0.000010 0.051965 0.069660 0.406897 0.007530 0.463928
0.006387 0.000010 0.097455 0.069269 0.330833 0.020189 0.475858
0.000010 0.000010 0.155243 0.094434 0.322743 0.021256 0.406305
0.024794 0.018485 0.172056 0.064632 0.341386 0.002361 0.376286
0.002281 0.000010 0.149426 0.134925 0.337434 0.009523 0.366400
0.000238 0.005666 0.178573 0.124955 0.291450 0.000010 0.399107
0.000010 0.028345 0.230078 0.176673 0.254196 0.007486 0.303211
0.007501 0.032487 0.208921 0.190281 0.285665 0.000010 0.275135
0.000010 0.005727 0.217109 0.148209 0.281955 0.022426 0.324564
0.034848 0.000010 0.202277 0.076588 0.346701 0.000010 0.339566
0.000010 0.000010 0.143309 0.051111 0.378815 0.006983 0.419762
0.000010 0.002884 0.152000 0.168985 0.303600 0.017591 0.354929
0.025755 0.000010 0.098861 0.030372 0.372362 0.009380 0.463259
0.016831 0.016738 0.124025 0.087602 0.339849 0.009005 0.405950
0.000015 0.000010 0.100543 0.124006 0.316584 0.009359 0.449481
0.000010 0.000010 0.080600 0.698287 0.084300 0.000010 0.136784
0.009044 0.000010 0.039974 0.519530 0.165511 0.011030 0.254902
0.000010 0.027975 0.167348 0.196935 0.289548 0.006688 0.311495
0.044806 0.004015 0.124427 0.095354 0.367031 0.007989 0.356377
0.020211 0.000010 0.311629 0.079760 0.301107 0.001765 0.285518
0.000010 0.013580 0.238529 0.009417 0.312526 0.005446 0.420493
0.000010 0.012490 0.213531 0.037433 0.348188 0.006188 0.382161
0.000010 0.008995 0.296646 0.158182 0.265500 0.002554 0.268113
0.004454 0.000010 0.161872 0.004284 0.366830 0.000010 0.462541
0.000010 0.000010 0.281788 0.009961 0.309811 0.015243 0.383177
0.000010 0.010998 0.107757 0.037704 0.345873 0.000010 0.497649
0.000010 0.000010 0.284330 0.121580 0.253260 0.008430 0.332381
0.000010 0.005453 0.255462 0.049267 0.314919 0.014393 0.360495
0.000733 0.024495 0.253979 0.095980 0.297812 0.000010 0.326991
0.000010 0.018455 0.264940 0.183978 0.220676 0.006905 0.305037
0.004777 0.005727 0.037989 0.004691 0.363287 0.003500 0.580027
0.000010 0.000010 0.335123 0.014678 0.302670 0.013974 0.333535
0.000010 0.018010 0.270620 0.019939 0.311150 0.000010 0.380261
0.000010 0.003968 0.251105 0.029497 0.297793 0.010920 0.406707
0.002233 0.021041 0.224387 0.062157 0.338147 0.017668 0.334367
0.000010 0.000010 0.148438 0.220347 0.301656 0.000010 0.329529
0.018445 0.000010 0.174826 0.111192 0.360759 0.006506 0.328263
0.011023 0.018099 0.166904 0.134648 0.296286 0.000010 0.373030
0.000010 0.015150 0.172970 0.157136 0.300524 0.005475 0.348734
0.022958 0.000010 0.157133 0.215653 0.260850 0.010210 0.333186
0.001080 0.024845 0.078207 0.100718 0.374370 0.002406 0.418374
0.001862 0.000010 0.123883 0.124455 0.337896 0.005365 0.406530
0.000010 0.020341 0.176459 0.091019 0.367351 0.000010 0.344810
0.005760 0.001464 0.093191 0.130871 0.345014 0.004246 0.419454
0.000010 0.000010 0.173430 0.093535 0.333538 0.008491 0.390986
0.003791 0.000010 0.013872 0.000010 0.276135 0.000816 0.705366
0.000010 0.017251 0.565247 0.000010 0.216126 0.000010 0.201346
0.000010 0.000010 0.203641 0.356290 0.193927 0.004501 0.241621
0.000010 0.000010 0.388988 0.034017 0.227118 0.003869 0.345989
0.033210 0.000010 0.205260 0.065373 0.325480 0.000010 0.370657
0.000010 0.018665 0.382487 0.034764 0.270607 0.000010 0.293457
0.017636 0.000010 0.380064 0.049765 0.267184 0.013912 0.271428
0.000010 0.000010 0.261181 0.011476 0.280625 0.008887 0.437810
0.003169 0.000010 0.207551 0.017252 0.347296 0.000010 0.424712
0.000010 0.003631 0.164419 0.016381 0.383082 0.016806 0.415673
0.014549 0.000010 0.303432 0.059895 0.287090 0.015157 0.319867
0.000010 0.000010 0.270359 0.011655 0.315070 0.000010 0.402886
0.021057 0.000010 0.242076 0.065522 0.293848 0.000955 0.376533
0.000378 0.004900 0.232834 0.055009 0.332943 0.014456 0.359480
0.000010 0.011429 0.235575 0.111840 0.307664 0.004843 0.328639
0.000010 0.000144 0.277590 0.200261 0.201636 0.011370 0.308988
0.016216 0.005088 0.255272 0.112743 0.237500 0.012729 0.360452
0.000012 0.015422 0.223103 0.129942 0.243685 0.000010 0.387827
0.003325 0.004007 0.509258 0.151147 0.172402 0.000010 0.159850
0.000010 0.000010 0.314767 0.031058 0.290755 0.004409 0.358991
0.000010 0.000014 0.261542 0.030241 0.298904 0.000420 0.408869
0.000010 0.000010 0.287269 0.148496 0.267967 0.000010 0.296238
0.000010 0.016671 0.293066 0.080741 0.269375 0.008369 0.331768
0.003756 0.000010 0.366779 0.048639 0.253621 0.009904 0.317290
0.013024 0.000010 0.250936 0.027047 0.294799 0.000010 0.414175
0.004004 0.005155 0.247795 0.054979 0.327821 0.003806 0.356440
0.013170 0.000010 0.141787 0.065034 0.329329 0.014624 0.436047
0.000010 0.000010 0.289884 0.261757 0.210518 0.005263 0.232558
0.005549 0.017380 0.172507 0.172931 0.259592 0.009496 0.362545
0.009230 0.008936 0.148418 0.210477 0.276634 0.009007 0.337298
0.000010 0.000295 0.126111 0.082833 0.383209 0.000010 0.407533
0.000010 0.000010 0.206570 0.166229 0.286673 0.007129 0.333380
0.008523 0.000010 0.168419 0.143609 0.314062 0.008764 0.356612
0.000010 0.000010 0.181488 0.166425 0.280189 0.017689 0.354189
0.023201 0.006884 0.144385 0.174624 0.301994 0.005954 0.342959
0.003664 0.011418 0.103674 0.104957 0.386008 0.000010 0.390268
0.000010 0.000010 0.232729 0.087677 0.312907 0.008421 0.358245
0.000010 0.002891 0.178891 0.126085 0.338218 0.009346 0.344559
0.028635 0.004871 0.168520 0.137036 0.308590 0.000010 0.352339
0.000010 0.000689 0.277192 0.094014 0.293459 0.000580 0.334055
0.005140 0.022018 0.231105 0.025719 0.323214 0.011469 0.381335
0.000010 0.000010 0.512869 0.039291 0.217549 0.006723 0.223549
0.000010 0.021154 0.105886 0.011198 0.390924 0.000010 0.470818
0.000010 0.000010 0.036160 0.022097 0.402001 0.006511 0.533211
0.007652 0.000010 0.213965 0.174670 0.239383 0.007043 0.357277
0.030451 0.020974 0.397397 0.012306 0.239450 0.001288 0.298134
0.000010 0.012210 0.553679 0.023640 0.186163 0.001794 0.222504
0.000010 0.023009 0.261144 0.095782 0.294137 0.000010 0.325909
0.000010 0.000010 0.235544 0.070485 0.319757 0.007004 0.367190
0.000010 0.015598 0.377726 0.030699 0.282476 0.001599 0.291892
0.025726 0.015155 0.363211 0.056323 0.248259 0.000010 0.291315
0.000010 0.000010 0.402258 0.034164 0.254481 0.000010 0.309067
0.023849 0.000010 0.386067 0.169433 0.221890 0.007416 0.191334
0.004308 0.008123 0.301727 0.299162 0.170314 0.004542 0.211823
0.000010 0.000010 0.281068 0.204566 0.238117 0.012807 0.263422
0.000010 0.000814 0.190167 0.009937 0.375951 0.001241 0.421879
0.009447 0.000650 0.184552 0.012532 0.399898 0.003668 0.389253
0.010690 0.018592 0.351439 0.035820 0.259559 0.007797 0.316103
0.000010 0.000010 0.172355 0.018025 0.348674 0.000010 0.460916
0.000010 0.000010 0.104825 0.037679 0.388722 0.002186 0.466568
0.018865 0.004685 0.239146 0.339867 0.155491 0.000010 0.241936
0.000010 0.000010 0.365707 0.026364 0.297732 0.000010 0.310167
0.016562 0.000010 0.140548 0.155551 0.271310 0.004250 0.411769
0.000501 0.000010 0.124322 0.024478 0.377337 0.004171 0.469181
0.000010 0.000010 0.146659 0.007305 0.379026 0.014563 0.452427
0.020773 0.000019 0.198347 0.020660 0.346251 0.000010 0.413940
0.000010 0.015300 0.387841 0.107488 0.193514 0.000010 0.295837
0.000010 0.021051 0.368270 0.111921 0.217254 0.000010 0.281483
0.000010 0.006473 0.354902 0.043289 0.258560 0.000457 0.336309
0.000010 0.029818 0.327326 0.054553 0.281289 0.000010 0.306994
0.018005 0.008516 0.000010 0.012344 0.423571 0.000010 0.537544
0.013535 0.000016 0.011569 0.017708 0.420205 0.000010 0.536957
0.010016 0.006159 0.000010 0.000010 0.401998 0.003192 0.578615
0.000010 0.013829 0.000010 0.022115 0.489881 0.000010 0.474144
0.010170 0.002310 0.000010 0.007846 0.407673 0.006240 0.565751
0.000010 0.010182 0.002330 0.022978 0.404302 0.008061 0.552137
0.007872 0.000010 0.000010 0.013834 0.452067 0.014731 0.511476
0.000010 0.000010 0.006779 0.000010 0.454590 0.011754 0.526847
0.000010 0.000010 0.000010 0.000010 0.378321 0.002884 0.618754
0.000019 0.000010 0.006376 0.002840 0.401375 0.000193 0.589186
0.000010 0.002983 0.002928 0.005363 0.362001 0.000083 0.626632
0.000010 0.000010 0.000709 0.000010 0.375368 0.008719 0.615174
0.000010 0.000010 0.000010 0.001818 0.352543 0.000010 0.645599
0.000010 0.001575 0.004604 0.000010 0.363457 0.002278 0.628066
0.000010 0.000010 0.000010 0.000010 0.361493 0.000010 0.638457
0.000010 0.014621 0.000010 0.000010 0.347467 0.000010 0.637872
0.000010 0.005292 0.000010 0.005104 0.412138 0.011106 0.566339
0.000010 0.000010 0.000010 0.019297 0.414548 0.016166 0.549959
0.000011 0.009880 0.000010 0.016965 0.433397 0.013471 0.526266
0.000010 0.001769 0.009064 0.011802 0.445961 0.000010 0.531383
0.006408 0.020645 0.000010 0.019396 0.418817 0.000010 0.534714
0.002639 0.000010 0.000010 0.027204 0.407045 0.004590 0.558502
0.000010 0.011996 0.002257 0.013801 0.381084 0.007735 0.583118
0.010504 0.003065 0.001805 0.019937 0.392453 0.000010 0.572226
0.000010 0.012017 0.227911 0.040799 0.331800 0.009282 0.378181
0.005712 0.008780 0.212586 0.391470 0.172393 0.007546 0.201513
0.032700 0.000010 0.313845 0.211739 0.232733 0.003696 0.205277
0.006922 0.000010 0.685268 0.000010 0.133159 0.001016 0.173615
0.000010 0.011809 0.460671 0.018479 0.240329 0.009049 0.259654
0.005241 0.000010 0.641716 0.000010 0.182284 0.006154 0.164586
0.000010 0.000010 0.931458 0.000010 0.036961 0.000010 0.031541
0.019458 0.000010 0.406450 0.066554 0.232168 0.000010 0.275350
0.000010 0.000010 0.628482 0.010415 0.175580 0.000010 0.185493
0.684000 0.003422 0.014885 0.008736 0.114759 0.033809 0.140388
0.658843 0.052785 0.011841 0.000010 0.132219 0.014439 0.129862
0.666273 0.006272 0.021001 0.000010 0.120004 0.027575 0.158865
0.625844 0.004925 0.000010 0.007047 0.150122 0.016140 0.195912
0.022197 0.973185 0.000010 0.000010 0.004578 0.000010 0.000010
0.032540 0.934148 0.000010 0.000010 0.000010 0.033273 0.000010
0.028977 0.951935 0.000010 0.004687 0.000011 0.014371 0.000010
0.028285 0.954613 0.000010 0.000010 0.000010 0.007629 0.009443
0.026523 0.959139 0.000010 0.000010 0.000011 0.014297 0.000010
0.004846 0.970865 0.003707 0.000010 0.000010 0.020553 0.000010
0.000010 0.003989 0.000010 0.033529 0.414322 0.012741 0.535399
0.003635 0.005824 0.000010 0.006516 0.398698 0.014527 0.570791
0.000010 0.011594 0.000010 0.000865 0.422835 0.007648 0.557038
0.000010 0.002785 0.001139 0.004872 0.391124 0.008563 0.591506
0.000010 0.010587 0.000010 0.005434 0.416901 0.015938 0.551120
0.000010 0.012981 0.011521 0.001747 0.395027 0.007274 0.571440
0.000010 0.010937 0.000907 0.005889 0.413829 0.011197 0.557231
0.000014 0.003320 0.000010 0.027557 0.387503 0.000010 0.581586
0.031714 0.001216 0.007701 0.000010 0.384626 0.000010 0.574724
0.014625 0.000010 0.000010 0.018452 0.400830 0.011448 0.554624
0.001546 0.025451 0.003619 0.000499 0.436893 0.004457 0.527535
0.000010 0.002129 0.014417 0.010748 0.415031 0.001318 0.556347
0.014250 0.000010 0.000010 0.000010 0.418582 0.006907 0.560232
0.000010 0.012870 0.000010 0.006836 0.433384 0.005584 0.541306
0.000010 0.000010 0.008985 0.013531 0.427692 0.006870 0.542902
0.000010 0.012781 0.005062 0.002794 0.447549 0.010485 0.521319
0.000010 0.006194 0.004346 0.000010 0.436441 0.005383 0.547616
0.000012 0.031047 0.001079 0.011197 0.474302 0.000010 0.482353
0.000010 0.000010 0.000971 0.064457 0.495130 0.009266 0.430156
0.000010 0.000010 0.000010 0.039946 0.457153 0.014109 0.488762
0.021461 0.000010 0.003139 0.000010 0.419143 0.000010 0.556227
0.015996 0.012395 0.010068 0.005390 0.435029 0.000010 0.521113
0.011827 0.000358 0.011637 0.029190 0.389242 0.015044 0.542701
0.018071 0.000010 0.000010 0.031051 0.402655 0.016063 0.532140
0.000010 0.000010 0.000010 0.010484 0.439262 0.005609 0.544615
0.016014 0.000010 0.013822 0.000010 0.397197 0.009335 0.563613
0.000010 0.000010 0.001490 0.000010 0.411356 0.017968 0.569156
0.006726 0.000010 0.000010 0.007215 0.415700 0.007810 0.562530
0.000010 0.000010 0.000010 0.000010 0.377421 0.007872 0.614667
0.000010 0.003678 0.004320 0.008294 0.460081 0.008457 0.515161
0.000010 0.000010 0.000835 0.002958 0.409090 0.005285 0.581812
0.009115 0.000010 0.006764 0.005019 0.404534 0.000010 0.574548
0.005228 0.002827 0.000010 0.000010 0.420271 0.001431 0.570223
0.000010 0.008891 0.000010 0.002150 0.404748 0.007704 0.576487
0.000011 0.011935 0.000010 0.022409 0.430007 0.000010 0.535618
0.000010 0.000010 0.000010 0.014366 0.403030 0.007564 0.575010
0.000010 0.000010 0.008407 0.048009 0.434451 0.000010 0.509104
0.000010 0.009282 0.003724 0.051567 0.437104 0.000010 0.498303
0.000010 0.000010 0.009672 0.026941 0.437035 0.015286 0.511045
0.000012 0.000010 0.000010 0.009997 0.460195 0.006560 0.523215
0.000010 0.000010 0.007416 0.000010 0.364543 0.003209 0.624802
0.000010 0.000010 0.000010 0.000010 0.377564 0.000010 0.622386
0.016862 0.000010 0.000483 0.027356 0.428869 0.000010 0.526411
0.000010 0.002700 0.000010 0.023630 0.406242 0.002921 0.564487
0.000010 0.000010 0.000010 0.020857 0.419480 0.005781 0.553852
0.015278 0.000010 0.002221 0.014428 0.421948 0.000010 0.546104
0.000010 0.005865 0.000266 0.034906 0.387640 0.005060 0.566253
0.005648 0.000010 0.000010 0.015231 0.393147 0.006381 0.579572
0.000010 0.000638 0.000010 0.000010 0.399806 0.000010 0.599516
0.004851 0.000010 0.004492 0.002883 0.387962 0.000010 0.599793
0.000011 0.011245 0.000010 0.004596 0.440255 0.000010 0.543873
0.030195 0.000010 0.001353 0.017870 0.430268 0.009965 0.510339
0.005487 0.000010 0.000010 0.007060 0.399280 0.004853 0.583300
0.000010 0.000010 0.000010 0.003587 0.378901 0.018173 0.599309
0.009169 0.000010 0.000010 0.000010 0.427771 0.000010 0.563020
0.005227 0.000010 0.000010 0.036103 0.392698 0.008021 0.557931
0.000010 0.003848 0.000769 0.000010 0.454771 0.008137 0.532454
0.000010 0.021997 0.000010 0.011651 0.461038 0.004375 0.500919
0.000010 0.003738 0.018310 0.003869 0.436151 0.003345 0.534577
0.000010 0.000010 0.001502 0.000010 0.409324 0.000010 0.589134
0.000010 0.000010 0.000010 0.020058 0.364812 0.005642 0.609457
0.000010 0.000010 0.001071 0.008329 0.409881 0.000010 0.580690
