0.001138 0.000010 0.000010 0.525815 0.065184 0.000010 0.000010 0.000010 0.386453 0.000010 0.000010 0.000010 0.020760 0.000550 0.000010 0.000010
0.000010 0.000010 0.000010 0.489555 0.092660 0.006683 0.000010 0.000010 0.396568 0.000010 0.000010 0.000010 0.000010 0.014424 0.000010 0.000010
0.012929 0.025093 0.105891 0.000010 0.013230 0.002605 0.376871 0.232407 0.000010 0.230202 0.000010 0.000010 0.000703 0.000010 0.000010 0.000010
0.000010 0.046760 0.097811 0.004773 0.006923 0.000010 0.360566 0.251197 0.013049 0.218839 0.000010 0.000010 0.000010 0.000010 0.000010 0.000010
0.009545 0.000010 0.000010 0.000978 0.013072 0.000010 0.000010 0.000010 0.004271 0.000016 0.000010 0.000010 0.000010 0.010109 0.000010 0.961919
0.002145 0.000010 0.000010 0.011667 0.004469 0.008775 0.000010 0.068453 0.000010 0.000010 0.715588 0.048175 0.000010 0.000010 0.140648 0.000010
0.009501 0.033663 0.375368 0.000010 0.007859 0.000825 0.471019 0.000010 0.009102 0.085268 0.000010 0.000010 0.000010 0.000010 0.007325 0.000010
0.068270 0.000010 0.000010 0.002060 0.000010 0.000010 0.000010 0.000010 0.000010 0.000010 0.000010 0.000010 0.000010 0.476068 0.000010 0.453482
0.000010 0.000010 0.000010 0.000011 0.000010 0.000010 0.000010 0.000010 0.000010 0.000010 0.000010 0.000010 0.000010 0.000010 0.999849 0.000010
0.000010 0.000010 0.000010 0.000010 0.000010 0.000010 0.000577 0.015071 0.000010 0.000010 0.024043 0.930684 0.000010 0.000010 0.029515 0.000010
0.000010 0.000010 0.000010 0.000010 0.000010 0.000010 0.000010 0.000010 0.000010 0.000010 0.045797 0.000010 0.000010 0.000010 0.954063 0.000010
0.000010 0.000010 0.000010 0.000010 0.000010 0.163260 0.000010 0.000010 0.000010 0.000010 0.000010 0.000010 0.836600 0.000010 0.000010 0.000010
0.000010 0.000010 0.000010 0.999850 0.000010 0.000010 0.000010 0.000010 0.000010 0.000010 0.000010 0.000010 0.000010 0.000010 0.000010 0.000010
0.000010 0.000010 0.034689 0.016941 0.000010 0.000229 0.730989 0.217042 0.000010 0.000010 0.000010 0.000010 0.000010 0.000010 0.000010 0.000010
0.000010 0.000010 0.000010 0.000010 0.000010 0.000010 0.000010 0.000010 0.000010 0.000010 0.609024 0.390836 0.000010 0.000010 0.000010 0.000010
0.000010 0.000010 0.419045 0.008924 0.000975 0.001245 0.438291 0.000010 0.003567 0.118021 0.003313 0.000010 0.000010 0.000010 0.004517 0.002041
0.009021 0.000010 0.388767 0.015837 0.026499 0.000010 0.482354 0.000010 0.000010 0.077422 0.000010 0.000010 0.000010 0.000010 0.000010 0.000010
0.008871 0.004619 0.454478 0.000010 0.012785 0.018058 0.412377 0.000010 0.000737 0.087994 0.000010 0.000010 0.000010 0.000010 0.000010 0.000010
0.000010 0.021970 0.383096 0.008694 0.000010 0.003388 0.516300 0.000010 0.000010 0.056787 0.000415 0.000010 0.007927 0.000010 0.001352 0.000010
0.000010 0.022358 0.384834 0.000010 0.000010 0.000010 0.478497 0.000010 0.018233 0.081798 0.000010 0.000010 0.010595 0.000010 0.003594 0.000010
0.000010 0.040257 0.446220 0.000010 0.035671 0.000010 0.419221 0.000010 0.000010 0.052475 0.000010 0.000010 0.006056 0.000010 0.000010 0.000010
0.000010 0.029530 0.428228 0.015600 0.000010 0.000010 0.428724 0.000010 0.000010 0.096425 0.000010 0.000010 0.000269 0.000010 0.000010 0.001134
0.000010 0.021030 0.405313 0.000010 0.000010 0.000010 0.446293 0.000018 0.000010 0.109265 0.000010 0.000682 0.009844 0.000010 0.007476 0.000010
0.000010 0.028942 0.397615 0.000010 0.011395 0.010477 0.481259 0.000010 0.007850 0.055522 0.006858 0.000010 0.000010 0.000010 0.000010 0.000010
0.000010 0.039070 0.416120 0.000011 0.000010 0.010908 0.448428 0.000010 0.000010 0.085364 0.000010 0.000010 0.000010 0.000010 0.000010 0.000010
0.000010 0.029677 0.460938 0.000470 0.000010 0.000010 0.439204 0.000010 0.000010 0.065743 0.000010 0.000010 0.000520 0.000010 0.003359 0.000010
0.000010 0.036802 0.459487 0.000010 0.000010 0.014466 0.389340 0.019486 0.003933 0.076396 0.000010 0.000010 0.000010 0.000010 0.000010 0.000010
0.000010 0.019548 0.414718 0.000010 0.000010 0.007011 0.509541 0.000010 0.004002 0.036990 0.001911 0.000013 0.000010 0.004991 0.001214 0.000010
0.000010 0.002106 0.479153 0.000010 0.007088 0.000010 0.406183 0.011607 0.009786 0.083987 0.000010 0.000010 0.000010 0.000010 0.000010 0.000010
0.000010 0.053578 0.431980 0.002593 0.003783 0.005944 0.443397 0.000010 0.000415 0.053988 0.000010 0.000010 0.000010 0.000010 0.004251 0.000010
0.000010 0.013793 0.387576 0.000010 0.000010 0.000010 0.458018 0.000010 0.000010 0.128578 0.000010 0.000010 0.011925 0.000010 0.000010 0.000010
0.000010 0.012578 0.380034 0.003400 0.000010 0.004825 0.478142 0.000010 0.001522 0.118604 0.000010 0.000010 0.000010 0.000010 0.000010 0.000816
0.006128 0.000010 0.440084 0.004973 0.000010 0.003672 0.432351 0.000010 0.000010 0.112691 0.000010 0.000010 0.000010 0.000010 0.000010 0.000010
0.000010 0.039885 0.382741 0.008351 0.000010 0.003482 0.465382 0.000010 0.003561 0.096509 0.000010 0.000010 0.000010 0.000010 0.000010 0.000010
0.000010 0.000010 0.413778 0.000010 0.000010 0.014400 0.463158 0.000010 0.000010 0.102673 0.000010 0.000010 0.000010 0.000010 0.000010 0.005881
0.000010 0.023882 0.471656 0.015881 0.000010 0.000010 0.420410 0.000010 0.000010 0.060233 0.000010 0.000010 0.000010 0.000010 0.007839 0.000010
0.000010 0.002113 0.407834 0.000010 0.021972 0.020502 0.475097 0.000010 0.005069 0.062504 0.000010 0.000010 0.000010 0.004830 0.000010 0.000010
0.000010 0.000010 0.436690 0.002896 0.000010 0.006130 0.460352 0.000010 0.000010 0.091263 0.000010 0.000010 0.000010 0.000010 0.002569 0.000010
0.000010 0.020946 0.459925 0.000010 0.000010 0.000010 0.474351 0.000010 0.003401 0.031552 0.000010 0.000010 0.000010 0.006780 0.002955 0.000010
0.000010 0.013111 0.470538 0.000010 0.000010 0.000010 0.430330 0.000010 0.000010 0.083656 0.000010 0.002204 0.000062 0.000010 0.000010 0.000010
0.000010 0.012620 0.419156 0.000010 0.000010 0.011711 0.497982 0.000010 0.003878 0.051397 0.000010 0.000010 0.003165 0.000010 0.000010 0.000010
0.000010 0.009298 0.408538 0.000010 0.000010 0.000010 0.463433 0.000010 0.005711 0.088152 0.000010 0.000010 0.011185 0.000010 0.013593 0.000010
0.000010 0.051289 0.475041 0.011851 0.000010 0.006713 0.378550 0.000010 0.000010 0.064040 0.012427 0.000010 0.000010 0.000010 0.000010 0.000010
0.000010 0.046479 0.391419 0.007295 0.011360 0.000978 0.500423 0.000010 0.004576 0.030980 0.000010 0.003228 0.003201 0.000010 0.000010 0.000010
0.003059 0.053587 0.364157 0.007142 0.005601 0.000010 0.508832 0.010817 0.000010 0.039985 0.000010 0.000010 0.000010 0.000010 0.006750 0.000010
0.000010 0.030545 0.420965 0.000010 0.003533 0.000010 0.436742 0.019575 0.010946 0.074137 0.003476 0.000010 0.000010 0.000010 0.000010 0.000010
0.000010 0.043356 0.489224 0.003399 0.000010 0.000010 0.386989 0.037993 0.000010 0.038939 0.000010 0.000010 0.000010 0.000010 0.000010 0.000010
0.005446 0.039211 0.392430 0.005316 0.000010 0.000010 0.480705 0.007016 0.000010 0.067769 0.000010 0.002028 0.000010 0.000010 0.000010 0.000010
0.000010 0.024395 0.389877 0.004973 0.010972 0.009971 0.446920 0.000010 0.000010 0.109288 0.000010 0.000010 0.000010 0.000010 0.003524 0.000010
0.000010 0.008671 0.390077 0.002747 0.013444 0.000010 0.494660 0.017488 0.000010 0.072824 0.000010 0.000010 0.000010 0.000010 0.000010 0.000010
0.000010 0.035367 0.394483 0.009273 0.000010 0.000010 0.485957 0.010815 0.002482 0.051995 0.000010 0.000010 0.000010 0.000010 0.009547 0.000010
0.000010 0.056175 0.441897 0.008424 0.000010 0.006241 0.406811 0.000016 0.000010 0.066295 0.002672 0.000010 0.007217 0.000010 0.004192 0.000010
0.000010 0.011903 0.442098 0.000010 0.000010 0.004590 0.455804 0.005367 0.000010 0.068348 0.000010 0.000010 0.000356 0.000010 0.011454 0.000010
0.000010 0.028965 0.456601 0.005571 0.001747 0.000010 0.421267 0.016354 0.000010 0.063939 0.000010 0.000010 0.001428 0.004059 0.000010 0.000010
0.004186 0.019478 0.379241 0.000010 0.009043 0.000010 0.519974 0.006323 0.000010 0.061665 0.000010 0.000010 0.000010 0.000010 0.000010 0.000010
0.000010 0.000010 0.442188 0.000010 0.000010 0.007221 0.454784 0.000010 0.019607 0.071139 0.000010 0.000010 0.004961 0.000010 0.000010 0.000010
0.000010 0.065987 0.427439 0.000010 0.000010 0.001625 0.438657 0.048307 0.000010 0.006477 0.000010 0.010548 0.000062 0.000010 0.000828 0.000010
0.000010 0.007597 0.414775 0.013332 0.003392 0.000010 0.511752 0.000010 0.000010 0.038140 0.000010 0.000010 0.010923 0.000010 0.000010 0.000010
0.000010 0.027898 0.441476 0.004299 0.000010 0.000010 0.430353 0.000010 0.000010 0.095863 0.000010 0.000010 0.000010 0.000010 0.000010 0.000010
0.000010 0.039062 0.426824 0.004373 0.000010 0.000010 0.466017 0.005988 0.003522 0.036514 0.000010 0.002209 0.001374 0.000010 0.014057 0.000010
0.000010 0.000010 0.387408 0.006677 0.015071 0.000010 0.511403 0.009808 0.000010 0.065449 0.000010 0.000010 0.004093 0.000010 0.000010 0.000010
0.000010 0.019183 0.429283 0.004915 0.000010 0.009016 0.408910 0.005199 0.004173 0.111046 0.008205 0.000010 0.000010 0.000010 0.000010 0.000010
0.000010 0.000010 0.424112 0.019677 0.000010 0.001448 0.435295 0.024195 0.000010 0.095174 0.000010 0.000010 0.000010 0.000010 0.000010 0.000010
0.000010 0.014191 0.441325 0.002312 0.000153 0.000010 0.453223 0.002233 0.001210 0.079415 0.000010 0.000010 0.000010 0.000010 0.005869 0.000010
0.000010 0.032122 0.478729 0.006043 0.000010 0.000010 0.437597 0.027631 0.000159 0.004699 0.000010 0.000010 0.000010 0.000010 0.000010 0.012941
0.000010 0.012114 0.409685 0.005899 0.030864 0.010126 0.422514 0.024925 0.004228 0.071028 0.000010 0.000010 0.000010 0.000010 0.002340 0.006225
0.000010 0.005851 0.464473 0.018015 0.000010 0.000851 0.417714 0.000010 0.004292 0.088621 0.000010 0.000102 0.000010 0.000010 0.000010 0.000010
0.000010 0.020823 0.432708 0.000431 0.005757 0.000010 0.422141 0.022467 0.004611 0.090085 0.000010 0.000010 0.000010 0.000010 0.000010 0.000906
0.000010 0.007760 0.456559 0.000010 0.000010 0.010445 0.418950 0.057258 0.000010 0.048928 0.000010 0.000010 0.000010 0.000010 0.000010 0.000010
0.000010 0.017147 0.408690 0.005794 0.000010 0.012947 0.481725 0.008001 0.009741 0.055875 0.000010 0.000010 0.000010 0.000010 0.000010 0.000010
0.000010 0.000010 0.392380 0.000010 0.006145 0.019135 0.484860 0.000010 0.000010 0.080295 0.000010 0.000010 0.000010 0.000010 0.000010 0.017085
0.000010 0.036437 0.442723 0.018741 0.000010 0.000010 0.423070 0.000010 0.000010 0.071396 0.000010 0.000010 0.007534 0.000010 0.000010 0.000010
0.014071 0.036201 0.392394 0.009979 0.000010 0.001932 0.463322 0.000010 0.001849 0.066980 0.000010 0.000010 0.010722 0.002490 0.000010 0.000010
0.000010 0.021948 0.396125 0.013072 0.000010 0.000010 0.462660 0.000010 0.000010 0.103892 0.000010 0.000010 0.000010 0.000010 0.000010 0.002203
0.000010 0.030622 0.440346 0.012635 0.001399 0.000010 0.418643 0.015338 0.000010 0.078743 0.000010 0.000010 0.002193 0.000010 0.000010 0.000010
0.055035 0.031026 0.852306 0.000010 0.000010 0.000010 0.055859 0.000010 0.005664 0.000010 0.000010 0.000010 0.000010 0.000010 0.000010 0.000010
0.018801 0.000010 0.840597 0.000010 0.000010 0.000010 0.062993 0.041447 0.000010 0.000010 0.000010 0.000010 0.006314 0.022946 0.000010 0.006812
0.003634 0.029315 0.749400 0.010606 0.000010 0.009450 0.147313 0.022678 0.000010 0.007401 0.000010 0.000010 0.003884 0.016257 0.000010 0.000010
0.045458 0.000010 0.840751 0.000639 0.000010 0.000010 0.061411 0.029585 0.000010 0.000010 0.000010 0.000010 0.000010 0.007518 0.014548 0.000010
0.040846 0.015400 0.843512 0.000010 0.000010 0.009150 0.022799 0.052798 0.001721 0.000010 0.000616 0.007123 0.000010 0.005973 0.000010 0.000010
0.010755 0.000010 0.830532 0.012470 0.013703 0.004992 0.065612 0.032297 0.000010 0.004620 0.001344 0.000010 0.000010 0.023616 0.000010 0.000010
0.040174 0.000010 0.827726 0.000010 0.000010 0.004889 0.061611 0.041785 0.000010 0.018978 0.000010 0.000224 0.000010 0.004533 0.000010 0.000010
0.060457 0.003241 0.832346 0.000010 0.000010 0.000010 0.045227 0.053547 0.001460 0.000010 0.000010 0.000010 0.003631 0.000010 0.000010 0.000010
0.027078 0.000010 0.632666 0.000010 0.000010 0.000010 0.116456 0.111564 0.006611 0.085596 0.007695 0.000010 0.000010 0.011120 0.001144 0.000010
0.048979 0.033561 0.837615 0.000010 0.000010 0.000010 0.035596 0.012823 0.000010 0.005888 0.000010 0.000010 0.020960 0.000010 0.004499 0.000010
0.042624 0.000010 0.834018 0.000010 0.000010 0.007794 0.028285 0.007334 0.010560 0.056338 0.000010 0.000010 0.004208 0.000010 0.002874 0.005906
0.049720 0.012165 0.858827 0.000010 0.001925 0.000010 0.029646 0.002800 0.005713 0.020146 0.002849 0.000010 0.000010 0.003010 0.013149 0.000010
0.045814 0.005704 0.834552 0.003092 0.000010 0.000010 0.022625 0.061239 0.012601 0.000010 0.002689 0.000010 0.011614 0.000010 0.000010 0.000010
0.059761 0.008222 0.832710 0.000010 0.000010 0.012230 0.026289 0.059776 0.000923 0.000010 0.000010 0.000010 0.000010 0.000010 0.000010 0.000010
0.026862 0.002890 0.832659 0.007362 0.004477 0.000010 0.096229 0.020286 0.000010 0.000010 0.003741 0.000010 0.000010 0.005424 0.000010 0.000010
0.032539 0.000010 0.767229 0.012670 0.000010 0.008830 0.107367 0.039112 0.000010 0.000010 0.000010 0.000010 0.000010 0.032162 0.000010 0.000010
0.040415 0.026458 0.703597 0.000010 0.000010 0.000010 0.165403 0.007124 0.007970 0.040076 0.000010 0.008876 0.000010 0.000010 0.000010 0.000010
0.000010 0.041694 0.383064 0.000010 0.000010 0.001509 0.457356 0.000010 0.000523 0.092684 0.000010 0.000010 0.023080 0.000010 0.000010 0.000010
0.000010 0.029489 0.390408 0.008771 0.002100 0.000010 0.447756 0.000010 0.007454 0.112325 0.000010 0.000010 0.001618 0.000010 0.000010 0.000010
0.000010 0.035122 0.390796 0.000010 0.000010 0.001797 0.491888 0.004091 0.004344 0.060327 0.000010 0.000010 0.000010 0.000010 0.011554 0.000010
0.000010 0.025775 0.387098 0.014361 0.011301 0.002666 0.465617 0.000010 0.000010 0.093092 0.000010 0.000010 0.000010 0.000010 0.000010 0.000010
0.000010 0.017987 0.405820 0.004282 0.008518 0.000010 0.431832 0.019498 0.000010 0.102674 0.003617 0.000010 0.002398 0.003314 0.000010 0.000010
0.000010 0.026422 0.421366 0.000899 0.000010 0.000010 0.455914 0.020768 0.000010 0.058308 0.002392 0.000010 0.000010 0.000010 0.013852 0.000010
0.000010 0.026298 0.397389 0.000010 0.000010 0.002155 0.459746 0.001394 0.008032 0.093147 0.000010 0.000010 0.011758 0.000010 0.000010 0.000010
0.000010 0.026077 0.396477 0.003674 0.014680 0.009972 0.434874 0.040527 0.001566 0.072084 0.000010 0.000010 0.000010 0.000010 0.000010 0.000010
0.000010 0.005711 0.448884 0.000010 0.000010 0.000593 0.443244 0.004986 0.011743 0.064143 0.008081 0.007769 0.001272 0.000010 0.003523 0.000010
0.000010 0.030787 0.452769 0.002939 0.000010 0.000010 0.441080 0.003636 0.000010 0.067477 0.000010 0.000010 0.001221 0.000010 0.000010 0.000010
0.000010 0.005592 0.425059 0.012028 0.004577 0.000010 0.403141 0.021743 0.000010 0.114095 0.000010 0.000010 0.013685 0.000010 0.000010 0.000010
0.000010 0.056397 0.405912 0.000010 0.000010 0.018022 0.449629 0.010325 0.000010 0.055565 0.000010 0.000010 0.000010 0.000010 0.004060 0.000010
0.000010 0.029211 0.369234 0.010582 0.000010 0.010269 0.454757 0.030958 0.001311 0.093599 0.000010 0.000010 0.000010 0.000010 0.000010 0.000010
0.000010 0.000010 0.435502 0.000010 0.005174 0.004132 0.429245 0.032451 0.000010 0.090869 0.000010 0.000010 0.000010 0.000010 0.002538 0.000010
0.000015 0.019929 0.427853 0.026407 0.000010 0.000010 0.442425 0.000010 0.000010 0.083271 0.000010 0.000010 0.000010 0.000010 0.000010 0.000010
0.000482 0.003925 0.413673 0.000010 0.000010 0.003299 0.484469 0.000010 0.014326 0.064686 0.000010 0.000010 0.010237 0.004268 0.000010 0.000575
0.000010 0.038384 0.345635 0.000010 0.000010 0.000010 0.482905 0.034672 0.006025 0.088661 0.000010 0.000010 0.003179 0.000459 0.000010 0.000010
0.006387 0.015505 0.365769 0.001309 0.000010 0.015662 0.472524 0.000010 0.003958 0.118806 0.000010 0.000010 0.000010 0.000010 0.000010 0.000010
0.000010 0.042258 0.411814 0.000015 0.000319 0.003308 0.464649 0.024744 0.008074 0.040672 0.000010 0.003941 0.000010 0.000010 0.000156 0.000010
0.000010 0.016394 0.399254 0.007670 0.001665 0.002603 0.486331 0.025089 0.000508 0.048859 0.000010 0.010347 0.000010 0.000010 0.001230 0.000010
0.000010 0.039744 0.374509 0.015692 0.000010 0.000010 0.485690 0.011944 0.000010 0.059976 0.000010 0.006632 0.005177 0.000010 0.000565 0.000010
0.000010 0.043735 0.425507 0.000010 0.000010 0.000010 0.447671 0.000010 0.006237 0.070740 0.000010 0.000010 0.000010 0.000010 0.006010 0.000010
0.000010 0.019572 0.457713 0.000010 0.008643 0.000010 0.465551 0.000010 0.012164 0.033107 0.000010 0.003159 0.000010 0.000010 0.000010 0.000010
0.000010 0.026357 0.395196 0.001938 0.006081 0.008752 0.460674 0.014718 0.000010 0.086204 0.000010 0.000010 0.000010 0.000010 0.000010 0.000010
0.000010 0.029618 0.408218 0.000010 0.000010 0.000010 0.505851 0.008347 0.007507 0.038430 0.000010 0.000010 0.000010 0.000010 0.000010 0.001939
0.000010 0.046889 0.392543 0.002538 0.000010 0.002049 0.479225 0.000010 0.000010 0.073134 0.000010 0.000010 0.003532 0.000010 0.000010 0.000010
0.005093 0.007087 0.462569 0.004599 0.000010 0.000659 0.416306 0.000010 0.010276 0.093332 0.000010 0.000010 0.000010 0.000010 0.000010 0.000010
0.000010 0.020348 0.397176 0.002085 0.000010 0.005198 0.486188 0.016162 0.007917 0.064847 0.000010 0.000010 0.000010 0.000010 0.000010 0.000010
0.000010 0.000763 0.372137 0.000010 0.001425 0.005571 0.482529 0.015890 0.007323 0.114281 0.000010 0.000010 0.000010 0.000010 0.000010 0.000010
0.000010 0.037473 0.424335 0.005275 0.012996 0.000010 0.451258 0.016049 0.013355 0.039180 0.000010 0.000010 0.000010 0.000010 0.000010 0.000010
0.000010 0.028476 0.402884 0.003111 0.000010 0.000130 0.504092 0.000010 0.002664 0.045791 0.000010 0.000010 0.006729 0.000010 0.006052 0.000010
0.000010 0.000010 0.437524 0.004983 0.004929 0.000010 0.475982 0.000010 0.000010 0.060067 0.000010 0.000010 0.013306 0.000010 0.000010 0.003119
0.035269 0.000010 0.810442 0.004924 0.000010 0.009639 0.051109 0.039690 0.003969 0.027914 0.000010 0.000010 0.000010 0.003115 0.013870 0.000010
0.046703 0.000010 0.880365 0.014179 0.000010 0.006633 0.014576 0.037445 0.000010 0.000010 0.000010 0.000010 0.000010 0.000010 0.000010 0.000010
0.017379 0.020703 0.833350 0.000010 0.000010 0.000010 0.086340 0.018059 0.000010 0.000010 0.000010 0.000010 0.019131 0.004948 0.000010 0.000010
0.000010 0.000010 0.935015 0.014570 0.002569 0.005884 0.000010 0.011265 0.001335 0.000360 0.000010 0.000010 0.000010 0.000010 0.001357 0.027574
0.027141 0.000010 0.780659 0.017862 0.000010 0.001458 0.137403 0.024248 0.000010 0.010093 0.000010 0.000809 0.000010 0.000256 0.000010 0.000010
0.070682 0.000010 0.892069 0.004179 0.005719 0.007605 0.000010 0.017261 0.000010 0.000010 0.002395 0.000010 0.000010 0.000010 0.000010 0.000010
0.045277 0.000010 0.877920 0.000010 0.000010 0.000010 0.000010 0.046497 0.013779 0.016417 0.000010 0.000010 0.000010 0.000010 0.000010 0.000010
0.019534 0.000010 0.738888 0.000960 0.000010 0.000010 0.165871 0.026811 0.008061 0.000010 0.000010 0.000010 0.009737 0.014293 0.000010 0.015775
0.004762 0.020659 0.783555 0.000010 0.000010 0.000010 0.094904 0.053843 0.000010 0.000010 0.000010 0.000010 0.005720 0.029618 0.000010 0.006859
0.010731 0.018128 0.710195 0.002947 0.000010 0.000010 0.180466 0.000010 0.007662 0.054099 0.000010 0.000010 0.000010 0.000010 0.000010 0.015690
0.016152 0.001994 0.869092 0.006321 0.000010 0.017356 0.012621 0.032892 0.010823 0.002697 0.000010 0.000010 0.004162 0.013039 0.012811 0.000010
0.019090 0.014746 0.691172 0.000010 0.000010 0.010777 0.189853 0.000010 0.010787 0.044766 0.000010 0.000010 0.009635 0.000010 0.009103 0.000010
0.037558 0.026457 0.849420 0.000010 0.000010 0.009341 0.017439 0.058540 0.000010 0.000010 0.001155 0.000010 0.000010 0.000010 0.000010 0.000010
0.064664 0.000010 0.807961 0.012943 0.000010 0.000010 0.093605 0.000010 0.000010 0.020716 0.000010 0.000010 0.000010 0.000010 0.000010 0.000010
0.021788 0.034860 0.834364 0.000010 0.000010 0.000010 0.060068 0.011462 0.010694 0.002072 0.000010 0.000010 0.014333 0.000010 0.000010 0.010289
0.013633 0.016697 0.841452 0.005777 0.000010 0.005536 0.043109 0.040636 0.000010 0.000010 0.000010 0.000010 0.000010 0.030740 0.000010 0.002348
0.000010 0.020319 0.862962 0.007528 0.000010 0.015532 0.013013 0.052208 0.000010 0.000010 0.000010 0.008419 0.003374 0.006199 0.010386 0.000010
0.023862 0.001468 0.923381 0.000010 0.000010 0.000010 0.000010 0.023668 0.009603 0.000010 0.000010 0.000010 0.001930 0.015998 0.000010 0.000010
0.040566 0.003619 0.898001 0.003409 0.000010 0.000010 0.000010 0.033774 0.005679 0.006708 0.000010 0.000010 0.004134 0.001668 0.002384 0.000010
0.051318 0.000010 0.908597 0.000010 0.009181 0.000010 0.000010 0.022448 0.008345 0.000010 0.000010 0.000010 0.000010 0.000010 0.000010 0.000010
0.026609 0.004850 0.810105 0.003588 0.000010 0.000010 0.051646 0.020121 0.008027 0.047141 0.000010 0.000010 0.000010 0.000010 0.000010 0.027842
0.050490 0.007753 0.870970 0.000010 0.000010 0.000010 0.000010 0.052829 0.017847 0.000010 0.000010 0.000010 0.000010 0.000010 0.000010 0.000010
0.026074 0.000010 0.939010 0.005345 0.000010 0.002819 0.000010 0.009026 0.000010 0.000010 0.010154 0.000010 0.004487 0.000010 0.003006 0.000010
0.037261 0.017284 0.754916 0.000010 0.003551 0.003608 0.135669 0.000010 0.000010 0.014112 0.011186 0.000010 0.000505 0.021846 0.000010 0.000010
0.040068 0.030572 0.782940 0.000010 0.000010 0.000010 0.057481 0.035317 0.004633 0.029250 0.000010 0.000010 0.000010 0.000010 0.000010 0.019660
0.025923 0.000010 0.805439 0.000452 0.000010 0.005460 0.061983 0.000010 0.000010 0.071311 0.000010 0.000010 0.000010 0.000010 0.000010 0.029341
0.031118 0.000010 0.806135 0.000010 0.000010 0.000010 0.130162 0.007374 0.000082 0.008571 0.000010 0.000010 0.007610 0.000010 0.002808 0.006071
0.020657 0.022957 0.722232 0.001965 0.000010 0.008521 0.173611 0.039172 0.000010 0.007104 0.000010 0.003712 0.000010 0.000010 0.000010 0.000010
0.042350 0.023721 0.733212 0.000010 0.004086 0.000018 0.137470 0.019369 0.014979 0.007172 0.000010 0.003988 0.013585 0.000010 0.000010 0.000010
0.048080 0.040561 0.850789 0.007938 0.000010 0.000010 0.029396 0.023136 0.000010 0.000010 0.000010 0.000010 0.000010 0.000010 0.000010 0.000010
0.038699 0.016966 0.787325 0.008372 0.000010 0.000010 0.072138 0.062103 0.000010 0.001815 0.000010 0.002663 0.009848 0.000010 0.000010 0.000010
0.025674 0.000010 0.821817 0.000010 0.000010 0.006129 0.059582 0.026560 0.001822 0.049041 0.000010 0.000010 0.000018 0.000010 0.000010 0.009287
0.041172 0.015722 0.843253 0.006640 0.003842 0.012699 0.050339 0.017365 0.000010 0.000010 0.008607 0.000010 0.000010 0.000010 0.000300 0.000010
0.045666 0.000010 0.785454 0.002501 0.000010 0.000010 0.065984 0.066379 0.000010 0.021714 0.000010 0.000010 0.012212 0.000010 0.000010 0.000010
0.022863 0.000010 0.843809 0.011125 0.006630 0.005905 0.065519 0.028621 0.000010 0.000010 0.000010 0.000010 0.003203 0.005854 0.000010 0.006412
0.030115 0.000010 0.870811 0.000010 0.000010 0.001014 0.000010 0.040070 0.024017 0.007062 0.000010 0.000010 0.008432 0.000010 0.018399 0.000010
0.045317 0.000010 0.911868 0.000010 0.001608 0.008427 0.000010 0.032665 0.000010 0.000010 0.000010 0.000010 0.000010 0.000010 0.000016 0.000010
0.049453 0.000010 0.897505 0.003831 0.000010 0.002307 0.000010 0.029120 0.000010 0.000010 0.000010 0.000010 0.017685 0.000010 0.000010 0.000010
0.061941 0.000010 0.833502 0.003500 0.000010 0.000010 0.050900 0.002015 0.000010 0.027623 0.000010 0.000010 0.020430 0.000010 0.000010 0.000010
0.036448 0.000010 0.853962 0.000010 0.011556 0.000010 0.000010 0.092504 0.000010 0.000010 0.000010 0.000010 0.005419 0.000010 0.000010 0.000010
0.020849 0.005885 0.811401 0.000010 0.000010 0.003422 0.108042 0.029378 0.003707 0.000010 0.003650 0.006908 0.006700 0.000010 0.000010 0.000010
0.007909 0.000010 0.750955 0.000010 0.003472 0.006557 0.129198 0.033627 0.009797 0.033983 0.000010 0.000010 0.014666 0.009775 0.000010 0.000010
0.051144 0.020074 0.749703 0.005095 0.009955 0.000010 0.149623 0.014316 0.000010 0.000010 0.000010 0.000010 0.000010 0.000010 0.000010 0.000010
0.037007 0.005088 0.791309 0.000999 0.000010 0.001515 0.096641 0.034137 0.000010 0.024063 0.000010 0.000010 0.004207 0.000813 0.004173 0.000010
0.034546 0.016388 0.747292 0.009361 0.014110 0.014573 0.078760 0.059232 0.000010 0.025255 0.000423 0.000010 0.000010 0.000010 0.000010 0.000010
0.027056 0.007223 0.766490 0.005690 0.000010 0.010643 0.156581 0.011687 0.000010 0.010836 0.000010 0.000010 0.003725 0.000010 0.000010 0.000010
0.016581 0.000010 0.808153 0.007764 0.000010 0.000010 0.087237 0.054362 0.000010 0.000010 0.000010 0.000010 0.008774 0.015018 0.000010 0.002032
0.036877 0.000010 0.830984 0.000010 0.000010 0.011024 0.048636 0.046026 0.002894 0.007306 0.000010 0.000010 0.000010 0.011684 0.004499 0.000010
0.001798 0.000010 0.776280 0.000010 0.000010 0.004031 0.138827 0.029424 0.005130 0.017733 0.000010 0.000010 0.007100 0.019607 0.000010 0.000010
0.025467 0.000010 0.879910 0.000010 0.000010 0.000010 0.055814 0.007728 0.000010 0.017417 0.000010 0.000010 0.000010 0.007300 0.006273 0.000010
0.038247 0.011982 0.819814 0.006207 0.000010 0.000010 0.046428 0.057163 0.001893 0.011550 0.000010 0.000010 0.000010 0.000010 0.000010 0.006645
0.022408 0.043977 0.637222 0.015910 0.000010 0.000010 0.151783 0.078001 0.000010 0.035361 0.000010 0.007669 0.006940 0.000010 0.000669 0.000010
0.031025 0.000010 0.858582 0.016130 0.000010 0.000010 0.015338 0.054034 0.000010 0.000010 0.000010 0.000010 0.000010 0.000010 0.000010 0.024791
0.011713 0.000010 0.878189 0.000010 0.000010 0.004927 0.038767 0.015835 0.010632 0.000010 0.000010 0.009085 0.013292 0.017490 0.000010 0.000010
0.024340 0.024710 0.649811 0.003396 0.000010 0.012784 0.233514 0.024621 0.009943 0.000010 0.000010 0.000010 0.000010 0.016811 0.000010 0.000010
0.031359 0.000010 0.836602 0.000010 0.000010 0.002285 0.077953 0.021125 0.019605 0.000010 0.000010 0.000010 0.000010 0.010981 0.000010 0.000010
0.021265 0.007341 0.789087 0.002030 0.000010 0.000010 0.136892 0.011184 0.003089 0.000010 0.000010 0.000010 0.021602 0.002310 0.005141 0.000010
0.051572 0.016380 0.849668 0.000010 0.000010 0.000010 0.051645 0.019151 0.011485 0.000010 0.000010 0.000010 0.000010 0.000010 0.000010 0.000010
0.002819 0.010959 0.697775 0.000010 0.000010 0.000010 0.210640 0.003617 0.011897 0.050175 0.007767 0.000010 0.000010 0.004280 0.000010 0.000010
0.011186 0.000010 0.836872 0.008426 0.000010 0.016969 0.040745 0.056866 0.000010 0.005062 0.001651 0.000010 0.000010 0.001167 0.001459 0.019548
0.051164 0.000010 0.816482 0.000010 0.000010 0.000010 0.083984 0.021888 0.013549 0.000010 0.000010 0.000010 0.000010 0.000010 0.000010 0.012833
0.037614 0.030530 0.777869 0.000010 0.000010 0.000010 0.126343 0.027535 0.000010 0.000010 0.000010 0.000010 0.000010 0.000010 0.000010 0.000010
0.061494 0.000010 0.803070 0.000010 0.000010 0.000010 0.055547 0.015046 0.006806 0.051322 0.000010 0.006337 0.000298 0.000010 0.000010 0.000010
0.001918 0.000010 0.844020 0.010549 0.000010 0.001936 0.064990 0.036851 0.000010 0.010121 0.000010 0.000010 0.007126 0.022417 0.000010 0.000010
0.030673 0.000010 0.922211 0.000010 0.000010 0.000010 0.000010 0.022727 0.000010 0.000010 0.000010 0.000010 0.010253 0.009710 0.004325 0.000010
0.020925 0.000010 0.749166 0.008861 0.000010 0.002484 0.126217 0.000010 0.003683 0.065652 0.001045 0.000010 0.000010 0.021897 0.000010 0.000010
0.034063 0.013705 0.780786 0.000010 0.009722 0.006970 0.106646 0.032246 0.000010 0.012219 0.000010 0.001606 0.000010 0.000010 0.000010 0.001978
0.033737 0.000010 0.902040 0.000010 0.006676 0.000010 0.000010 0.004102 0.017424 0.022404 0.000010 0.000010 0.000010 0.002248 0.011290 0.000010
0.032508 0.011162 0.815412 0.007259 0.007862 0.000010 0.101458 0.016193 0.000010 0.000010 0.000010 0.000010 0.005824 0.000010 0.000010 0.002253
0.015653 0.000010 0.854030 0.000010 0.000010 0.008366 0.007510 0.049080 0.012179 0.035802 0.000010 0.001235 0.000010 0.000010 0.000010 0.016074
0.006324 0.006773 0.885023 0.000010 0.000010 0.000010 0.000010 0.040812 0.003591 0.000010 0.000010 0.000010 0.024389 0.024324 0.008684 0.000010
0.047165 0.020224 0.799975 0.000010 0.004194 0.000010 0.070085 0.025091 0.008079 0.011874 0.000010 0.005538 0.007717 0.000010 0.000010 0.000010
0.065558 0.000010 0.795765 0.000010 0.000010 0.000010 0.077377 0.050669 0.003830 0.000010 0.000010 0.000010 0.005168 0.000010 0.000010 0.001543
0.038395 0.000010 0.921755 0.000010 0.000010 0.000010 0.000010 0.003247 0.020646 0.000010 0.000010 0.000010 0.015847 0.000010 0.000010 0.000010
0.054468 0.019597 0.837950 0.000010 0.000010 0.011180 0.036427 0.032002 0.000010 0.000010 0.000010 0.000010 0.008285 0.000010 0.000010 0.000010
0.041171 0.013128 0.766423 0.003757 0.000010 0.000896 0.084745 0.043108 0.000010 0.036802 0.000010 0.000010 0.003684 0.000010 0.000010 0.006226
0.036161 0.000010 0.803404 0.005111 0.000010 0.000010 0.123912 0.014271 0.000010 0.000010 0.000010 0.000010 0.000010 0.017042 0.000010 0.000010
0.055892 0.001635 0.868373 0.000010 0.000010 0.001474 0.000010 0.055471 0.005237 0.000010 0.000010 0.000010 0.006687 0.000010 0.005150 0.000010
0.059825 0.000010 0.859980 0.000010 0.000010 0.000010 0.054160 0.004636 0.010388 0.004197 0.000010 0.000010 0.005451 0.000010 0.001283 0.000010
0.028217 0.000010 0.732726 0.008344 0.000010 0.000010 0.126528 0.045255 0.020396 0.031958 0.000010 0.000010 0.000010 0.006495 0.000010 0.000010
0.058964 0.000010 0.753528 0.000010 0.000010 0.036065 0.000010 0.061009 0.006664 0.000010 0.000010 0.000010 0.007153 0.012168 0.000010 0.064370
0.038529 0.000010 0.831272 0.008215 0.007346 0.004605 0.057942 0.028333 0.000010 0.000010 0.000010 0.000010 0.000010 0.020597 0.003092 0.000010
0.000010 0.031919 0.850430 0.003350 0.000010 0.010113 0.039826 0.016083 0.005635 0.019604 0.000010 0.000010 0.000010 0.000010 0.000010 0.022969
0.007951 0.000987 0.712788 0.000010 0.000010 0.000010 0.139269 0.052621 0.005012 0.054860 0.000010 0.000010 0.007595 0.000010 0.000010 0.018848
0.021185 0.000010 0.867952 0.003752 0.017893 0.000010 0.064355 0.016427 0.000010 0.000010 0.000010 0.001553 0.000010 0.000010 0.000010 0.006803
0.055671 0.000010 0.871330 0.000010 0.000010 0.008286 0.016186 0.026246 0.021084 0.000010 0.000010 0.000010 0.001106 0.000010 0.000010 0.000010
0.028227 0.000010 0.913307 0.003495 0.000010 0.000010 0.000010 0.032950 0.012864 0.000010 0.000010 0.006246 0.000010 0.002820 0.000010 0.000010
0.009388 0.033079 0.792812 0.000010 0.022112 0.011114 0.105542 0.004909 0.004267 0.000010 0.003346 0.000010 0.000072 0.013310 0.000010 0.000010
0.042946 0.000010 0.000010 0.001855 0.000010 0.000010 0.000010 0.000010 0.000010 0.000010 0.000010 0.000010 0.000010 0.408348 0.000010 0.546731
0.000010 0.000010 0.000010 0.002538 0.000010 0.009309 0.000010 0.000010 0.000214 0.000010 0.000010 0.000010 0.003167 0.439063 0.000010 0.545610
0.039475 0.000010 0.000010 0.000016 0.000010 0.000010 0.000010 0.000010 0.000099 0.000010 0.000010 0.000010 0.000010 0.376110 0.001874 0.582327
0.000010 0.000010 0.000010 0.003521 0.000010 0.000010 0.000010 0.000010 0.000010 0.000010 0.000010 0.000010 0.000010 0.376518 0.000010 0.619831
0.028238 0.000010 0.000010 0.010414 0.000010 0.005397 0.000010 0.000010 0.000010 0.000010 0.000010 0.000010 0.001648 0.396772 0.000010 0.557432
0.073769 0.000010 0.000010 0.000010 0.000010 0.000010 0.000010 0.000010 0.007230 0.000010 0.000010 0.000010 0.000010 0.344410 0.000010 0.574470
0.004660 0.000010 0.000010 0.000010 0.000010 0.000010 0.000010 0.000010 0.001383 0.000010 0.000010 0.000010 0.000010 0.410819 0.000010 0.583019
0.059203 0.000010 0.000010 0.000010 0.005077 0.000010 0.000010 0.000010 0.002397 0.000010 0.000010 0.000010 0.000010 0.388573 0.000010 0.544641
0.000010 0.000010 0.000010 0.000010 0.000010 0.004050 0.000010 0.000010 0.000010 0.000010 0.000010 0.000010 0.000010 0.392381 0.000010 0.603439
0.024299 0.000010 0.000010 0.000010 0.000010 0.000010 0.000010 0.000010 0.008180 0.000010 0.000010 0.000010 0.000010 0.381293 0.000010 0.586108
0.043120 0.000010 0.000010 0.000010 0.000010 0.000010 0.000010 0.000010 0.000010 0.000010 0.000010 0.000010 0.000010 0.356702 0.004159 0.595899
0.001601 0.000010 0.000010 0.000010 0.000010 0.000010 0.000010 0.000010 0.007984 0.000010 0.000010 0.000010 0.000010 0.415292 0.000010 0.575003
0.017230 0.000010 0.000010 0.000010 0.000010 0.000010 0.000010 0.000010 0.001236 0.000010 0.000010 0.000010 0.000010 0.354671 0.000010 0.626743
0.023329 0.000010 0.000010 0.000010 0.006368 0.007585 0.000010 0.000010 0.000010 0.000092 0.000010 0.000010 0.000010 0.406824 0.000010 0.555703
0.000010 0.000010 0.000010 0.000010 0.000010 0.000010 0.000010 0.000010 0.017897 0.000010 0.000010 0.000010 0.000010 0.450048 0.000010 0.531925
0.026841 0.000010 0.000010 0.000010 0.000010 0.005624 0.000010 0.000010 0.000010 0.000010 0.000010 0.000010 0.000010 0.420041 0.000010 0.547374
0.070067 0.000010 0.000010 0.002940 0.000010 0.000010 0.000010 0.000010 0.000010 0.000010 0.000010 0.000010 0.003167 0.313485 0.000010 0.610230
0.024829 0.000010 0.000010 0.004975 0.000010 0.000010 0.000010 0.000010 0.000010 0.000010 0.000010 0.000010 0.000010 0.393353 0.000010 0.576723
0.012762 0.000010 0.000010 0.002340 0.000010 0.000010 0.000010 0.000010 0.000010 0.000010 0.000010 0.000010 0.000010 0.446261 0.000010 0.538517
0.048753 0.000010 0.000010 0.003954 0.000010 0.000010 0.000010 0.000010 0.000010 0.000010 0.000010 0.000010 0.000012 0.367595 0.000010 0.579577
0.045308 0.000015 0.000010 0.000010 0.000010 0.000342 0.000010 0.000010 0.000016 0.000010 0.000010 0.000010 0.000010 0.358367 0.000010 0.595853
0.042874 0.000010 0.000010 0.001638 0.000010 0.005123 0.000010 0.000010 0.000010 0.001736 0.000010 0.000010 0.000010 0.411755 0.000010 0.536774
0.006071 0.000010 0.000010 0.000010 0.000010 0.005453 0.000010 0.000010 0.004615 0.000010 0.000010 0.000010 0.004362 0.401641 0.000010 0.577759
0.014649 0.000010 0.000010 0.000010 0.000010 0.001509 0.000010 0.000010 0.010889 0.000010 0.000010 0.000010 0.000010 0.385364 0.000010 0.587480
0.043147 0.000013 0.000010 0.000010 0.000010 0.000010 0.000010 0.000010 0.000010 0.000010 0.000010 0.000010 0.000010 0.422656 0.000010 0.534064
0.042088 0.000010 0.000010 0.000010 0.000010 0.000010 0.000010 0.000010 0.000018 0.000010 0.000010 0.000010 0.000010 0.351710 0.000010 0.606065
0.045404 0.000010 0.000010 0.000010 0.000010 0.000010 0.000010 0.000010 0.003573 0.000010 0.000010 0.000010 0.000010 0.424414 0.000010 0.526489
0.047647 0.000010 0.000010 0.005357 0.000010 0.009645 0.000010 0.000010 0.002289 0.000010 0.000010 0.000010 0.000010 0.346137 0.000010 0.588826
0.057114 0.000014 0.000010 0.000018 0.000010 0.001826 0.000010 0.000010 0.000010 0.000010 0.000010 0.000010 0.000010 0.380048 0.000010 0.560881
0.064492 0.000010 0.000010 0.000010 0.000010 0.000010 0.000010 0.000010 0.018713 0.000010 0.000010 0.000010 0.005882 0.341072 0.000010 0.569731
0.043815 0.000010 0.000010 0.000010 0.000010 0.000010 0.000010 0.000010 0.000010 0.000010 0.000010 0.000010 0.000010 0.462715 0.000010 0.493340
0.043211 0.000010 0.000010 0.000010 0.000010 0.000010 0.000010 0.000010 0.000010 0.000010 0.000010 0.000010 0.000010 0.368904 0.000010 0.587755
0.037076 0.000010 0.000010 0.000010 0.000010 0.000010 0.000015 0.000010 0.009120 0.000010 0.000010 0.000010 0.000010 0.347877 0.000010 0.605802
0.084567 0.000010 0.000010 0.000010 0.000010 0.000010 0.000010 0.000010 0.006645 0.000010 0.000010 0.000010 0.004581 0.388087 0.000010 0.516009
0.061984 0.000010 0.000010 0.000010 0.000010 0.001079 0.000010 0.000010 0.006021 0.000010 0.000010 0.000010 0.000010 0.375700 0.000010 0.555105
0.020741 0.000010 0.000010 0.003002 0.000010 0.000016 0.000010 0.000010 0.000010 0.000010 0.000010 0.003946 0.000010 0.383331 0.000010 0.588865
0.035186 0.000010 0.000010 0.004340 0.000010 0.000010 0.000010 0.000010 0.000010 0.000010 0.000010 0.000010 0.008881 0.411030 0.000010 0.540453
0.033351 0.005689 0.000010 0.000010 0.000010 0.000010 0.000010 0.000010 0.000010 0.000010 0.000010 0.000010 0.000010 0.421450 0.000010 0.539390
0.031644 0.000010 0.000010 0.000010 0.000010 0.003123 0.000010 0.000010 0.003603 0.000010 0.000010 0.000010 0.000010 0.352474 0.000010 0.609047
0.000010 0.000010 0.000010 0.002765 0.000010 0.000010 0.000010 0.000010 0.000010 0.000010 0.000010 0.000010 0.000010 0.407704 0.000010 0.589400
0.046340 0.000010 0.000010 0.000010 0.000010 0.000010 0.000010 0.000010 0.000010 0.000015 0.000010 0.000010 0.001035 0.403378 0.000010 0.549122
0.024793 0.000010 0.000010 0.000010 0.000010 0.006939 0.000010 0.000010 0.000010 0.000010 0.000010 0.000010 0.000010 0.370979 0.000010 0.597169
0.024938 0.025416 0.132681 0.000010 0.002194 0.053932 0.473787 0.122448 0.003653 0.009980 0.000010 0.076963 0.073419 0.000010 0.000548 0.000010
0.004617 0.030031 0.012237 0.000096 0.038016 0.053833 0.388182 0.100676 0.003189 0.045111 0.119682 0.033703 0.157845 0.000010 0.012761 0.000010
0.000010 0.007672 0.140179 0.016323 0.020523 0.010550 0.424385 0.111272 0.000010 0.058328 0.054109 0.009156 0.132034 0.000010 0.015430 0.000010
0.034341 0.000010 0.000010 0.000017 0.000010 0.004903 0.000010 0.000010 0.000010 0.000010 0.000010 0.000010 0.000010 0.417015 0.000010 0.543615
0.056787 0.000010 0.000010 0.000010 0.000010 0.008258 0.000010 0.000010 0.002161 0.000010 0.000010 0.000010 0.000010 0.383432 0.000010 0.549251
0.000010 0.000010 0.000010 0.000010 0.000010 0.000010 0.000010 0.000010 0.006757 0.000010 0.000010 0.000010 0.006096 0.554112 0.000010 0.432914
0.017326 0.000010 0.000010 0.000010 0.000010 0.000010 0.000011 0.000010 0.021735 0.000010 0.000010 0.000010 0.000010 0.418268 0.000010 0.542550
0.000010 0.004723 0.000010 0.000010 0.000010 0.000081 0.000010 0.000010 0.000010 0.000010 0.000010 0.000010 0.000010 0.472477 0.000010 0.522599
0.012207 0.000010 0.000010 0.000010 0.000010 0.017171 0.000010 0.000010 0.000010 0.000010 0.000010 0.000010 0.000010 0.415778 0.000010 0.554724
0.018927 0.000010 0.000010 0.000010 0.000010 0.000010 0.000010 0.000010 0.000803 0.000010 0.000010 0.000010 0.004294 0.438495 0.000010 0.537370
0.008058 0.000010 0.000010 0.004205 0.000010 0.000010 0.003300 0.000010 0.000010 0.000010 0.000010 0.000010 0.000010 0.477163 0.000010 0.507164
0.000010 0.000010 0.000010 0.008504 0.000010 0.000010 0.000010 0.000010 0.000010 0.000010 0.000010 0.000010 0.000010 0.341754 0.000010 0.649612
0.017207 0.000010 0.000010 0.000014 0.000010 0.000010 0.000010 0.000010 0.000336 0.000010 0.000010 0.000010 0.000010 0.453648 0.000010 0.528685
0.028849 0.000010 0.000010 0.001011 0.000010 0.004437 0.000010 0.000010 0.000010 0.000010 0.000010 0.000010 0.000010 0.454279 0.000010 0.511315
0.049623 0.000010 0.000010 0.000010 0.021168 0.002131 0.000010 0.000010 0.000010 0.000010 0.000010 0.000010 0.000010 0.363463 0.000010 0.563506
0.090905 0.000010 0.001119 0.000010 0.000010 0.005452 0.000010 0.000010 0.000010 0.011574 0.000010 0.000010 0.000067 0.509737 0.000010 0.381056
0.037697 0.000010 0.000010 0.002003 0.000010 0.000010 0.000010 0.000010 0.000010 0.000010 0.000010 0.000010 0.000010 0.431241 0.000010 0.528938
0.013435 0.000010 0.000010 0.003841 0.000010 0.000010 0.000010 0.000010 0.000010 0.000010 0.000010 0.000010 0.000010 0.443953 0.000010 0.538652
0.000010 0.000010 0.000010 0.000010 0.000010 0.001708 0.000010 0.000010 0.003248 0.000010 0.000010 0.000010 0.000010 0.428625 0.000010 0.566299
0.014983 0.000010 0.000010 0.000010 0.000010 0.000010 0.000010 0.000010 0.000010 0.000010 0.000010 0.000010 0.000010 0.426126 0.000010 0.558761
0.015154 0.000010 0.000010 0.000010 0.000010 0.000010 0.000010 0.000010 0.000010 0.000010 0.000010 0.000010 0.000010 0.487725 0.000010 0.496991
0.018585 0.000010 0.000010 0.005592 0.000010 0.000010 0.000010 0.000010 0.000010 0.000010 0.000010 0.000010 0.000010 0.462289 0.000010 0.513415
0.012910 0.000010 0.000010 0.000010 0.000010 0.000010 0.000010 0.000010 0.006300 0.000010 0.000010 0.000010 0.000010 0.400592 0.000010 0.580078
