0.000010 0.836391 0.064707 0.000010 0.000010 0.042180 0.000010 0.022025 0.000010 0.000011 0.034617 0.000010 0.000010
0.000010 0.807182 0.096305 0.000010 0.000010 0.045053 0.000010 0.000010 0.000010 0.000010 0.046410 0.004970 0.000010
0.474707 0.000010 0.017027 0.000010 0.194614 0.000010 0.000010 0.000411 0.000010 0.012712 0.000010 0.003550 0.296919
0.480631 0.014666 0.012967 0.000010 0.211961 0.000010 0.000010 0.000010 0.000010 0.002255 0.000010 0.000010 0.277451
0.000010 0.000445 0.013311 0.000010 0.000010 0.963917 0.000010 0.000010 0.000010 0.007802 0.014445 0.000010 0.000010
0.045934 0.012365 0.011065 0.046970 0.000010 0.000010 0.725908 0.000010 0.141960 0.006731 0.000010 0.009018 0.000010
0.222396 0.003501 0.012115 0.000010 0.079592 0.000010 0.000010 0.000010 0.006976 0.012829 0.000010 0.001948 0.660593
0.000010 0.000010 0.000010 0.000010 0.000010 0.448924 0.000010 0.000010 0.000010 0.061617 0.489358 0.000010 0.000010
0.000010 0.000010 0.000010 0.000010 0.000010 0.000010 0.000010 0.000010 0.999880 0.000010 0.000010 0.000010 0.000010
0.015453 0.000010 0.000010 0.932754 0.000010 0.000010 0.022746 0.000010 0.028957 0.000010 0.000010 0.000010 0.000010
0.000010 0.000010 0.000010 0.000010 0.000010 0.000010 0.045872 0.000010 0.954018 0.000010 0.000010 0.000010 0.000010
0.000010 0.000010 0.000010 0.000010 0.000010 0.000010 0.000010 0.837558 0.000010 0.000010 0.000010 0.162332 0.000010
0.000010 0.999879 0.000010 0.000011 0.000010 0.000010 0.000010 0.000010 0.000010 0.000010 0.000010 0.000010 0.000010
0.557255 0.010761 0.000010 0.000010 0.000010 0.000010 0.000010 0.000010 0.000010 0.000010 0.000010 0.000010 0.431884
0.000010 0.000010 0.000010 0.396486 0.000010 0.000010 0.603404 0.000010 0.000010 0.000010 0.000010 0.000010 0.000010
0.216048 0.007628 0.005037 0.000010 0.074884 0.005986 0.000010 0.000010 0.006345 0.000010 0.000010 0.001112 0.682911
0.230688 0.011252 0.033829 0.000010 0.028162 0.000010 0.000010 0.000010 0.000010 0.011224 0.000010 0.000010 0.684775
0.166204 0.000010 0.013943 0.000010 0.071333 0.000010 0.000010 0.000010 0.000010 0.011598 0.000010 0.017627 0.719225
0.236719 0.003917 0.000010 0.000010 0.049076 0.000010 0.000010 0.008345 0.000670 0.000010 0.000010 0.004140 0.697073
0.215174 0.010328 0.000010 0.000010 0.072696 0.000010 0.000316 0.013307 0.005142 0.000010 0.000010 0.000010 0.682976
0.144097 0.000010 0.048049 0.000010 0.069974 0.000010 0.000010 0.009174 0.000010 0.000010 0.000010 0.000010 0.728626
0.199470 0.010922 0.000010 0.000010 0.095454 0.000010 0.000010 0.000010 0.000010 0.000995 0.004679 0.000010 0.688409
0.220511 0.000010 0.000010 0.000010 0.095989 0.000010 0.000010 0.011399 0.007673 0.000010 0.000010 0.000010 0.664347
0.204601 0.000010 0.020983 0.000010 0.054958 0.000482 0.009297 0.000010 0.000010 0.000010 0.000010 0.011491 0.698129
0.193360 0.000010 0.005577 0.000010 0.091339 0.000054 0.000010 0.000010 0.000010 0.000010 0.000010 0.010656 0.698943
0.190626 0.000010 0.000010 0.000010 0.074465 0.001032 0.000010 0.001948 0.004414 0.000010 0.000010 0.000010 0.727445
0.198199 0.000010 0.000010 0.000010 0.096753 0.000010 0.000010 0.000010 0.000010 0.006606 0.000010 0.015892 0.682470
0.228104 0.000010 0.000010 0.000010 0.035188 0.000010 0.000010 0.000010 0.000418 0.000010 0.008405 0.009062 0.718753
0.205247 0.000010 0.011032 0.000010 0.064196 0.000010 0.000010 0.000010 0.000010 0.011579 0.000010 0.000010 0.707866
0.171925 0.001949 0.010078 0.000010 0.088097 0.000010 0.000010 0.003100 0.000851 0.002010 0.000010 0.004402 0.717547
0.235985 0.000010 0.000010 0.000010 0.096138 0.000010 0.000010 0.012140 0.000010 0.000010 0.000010 0.000010 0.655647
0.232511 0.000092 0.000012 0.000010 0.087658 0.003564 0.000010 0.000010 0.000010 0.000010 0.000010 0.002693 0.673409
0.210989 0.000010 0.000010 0.000010 0.070292 0.000010 0.000010 0.000010 0.000010 0.012204 0.000010 0.003952 0.702483
0.208566 0.009881 0.000010 0.000010 0.096277 0.000010 0.000010 0.000010 0.000010 0.000010 0.000010 0.006257 0.678939
0.200630 0.000010 0.000010 0.000010 0.062858 0.000010 0.000010 0.000010 0.000010 0.000010 0.009458 0.013168 0.713806
0.189305 0.008535 0.004527 0.000010 0.063790 0.000010 0.000010 0.000010 0.010748 0.000010 0.000010 0.000010 0.723026
0.213901 0.000010 0.021275 0.000010 0.038067 0.000010 0.000010 0.000010 0.000010 0.000010 0.009580 0.020618 0.696488
0.201101 0.000010 0.000010 0.000010 0.060525 0.000048 0.000010 0.004274 0.004263 0.000010 0.000010 0.004900 0.724829
0.181374 0.000010 0.000010 0.000010 0.038450 0.000010 0.000010 0.000010 0.002723 0.000010 0.016747 0.000010 0.760625
0.193014 0.000010 0.000010 0.002521 0.072660 0.000010 0.000010 0.002526 0.000010 0.000010 0.000010 0.000010 0.729199
0.218074 0.000186 0.000010 0.000010 0.042484 0.000010 0.000010 0.003866 0.000010 0.001629 0.000010 0.010560 0.723140
0.210451 0.000010 0.000010 0.000010 0.070902 0.000010 0.000010 0.012685 0.014701 0.000010 0.000010 0.000010 0.691181
0.140335 0.009673 0.000010 0.000010 0.104938 0.000010 0.014531 0.000010 0.000010 0.010598 0.001536 0.006377 0.711960
0.217916 0.008558 0.019311 0.003111 0.046300 0.000010 0.000010 0.004884 0.000633 0.000010 0.000010 0.002404 0.696842
0.243132 0.004303 0.007332 0.000010 0.063202 0.001348 0.000010 0.000010 0.007355 0.004508 0.002734 0.000010 0.666047
0.226388 0.004074 0.009269 0.000010 0.080096 0.000010 0.004004 0.000010 0.000010 0.000010 0.000010 0.000010 0.676099
0.197048 0.000010 0.000010 0.000010 0.084421 0.000010 0.000687 0.000010 0.000010 0.010658 0.000010 0.000010 0.707107
0.237558 0.000070 0.003133 0.003604 0.067345 0.000010 0.000010 0.000010 0.000010 0.011005 0.000010 0.000010 0.677226
0.221551 0.000510 0.016949 0.000010 0.089307 0.000010 0.000010 0.000010 0.003756 0.000010 0.000010 0.010906 0.656961
0.254183 0.000010 0.014793 0.000010 0.049104 0.000010 0.000010 0.000010 0.000010 0.000010 0.000010 0.000010 0.681830
0.234337 0.009545 0.005059 0.000010 0.056715 0.000010 0.000010 0.000010 0.009449 0.000010 0.000010 0.000010 0.684825
0.165323 0.003588 0.000563 0.000011 0.103263 0.000010 0.008025 0.007054 0.003586 0.000010 0.000010 0.008167 0.700390
0.219842 0.000010 0.000010 0.000010 0.061057 0.000010 0.000010 0.001215 0.010169 0.000010 0.000010 0.005103 0.702544
0.208791 0.000859 0.003882 0.000010 0.072724 0.000010 0.000010 0.001512 0.000010 0.000010 0.012536 0.000010 0.699636
0.245640 0.000010 0.009441 0.000010 0.049690 0.000010 0.000010 0.000010 0.000010 0.003292 0.000010 0.000010 0.691856
0.198742 0.007356 0.000010 0.000010 0.047302 0.000010 0.000010 0.006680 0.000010 0.000010 0.009972 0.007407 0.722480
0.230275 0.000010 0.000010 0.010621 0.073460 0.000010 0.000010 0.001968 0.000109 0.000010 0.004903 0.002017 0.676597
0.230657 0.009319 0.008072 0.000010 0.017588 0.000010 0.000010 0.012747 0.000010 0.000010 0.000010 0.000010 0.721547
0.203991 0.003118 0.000010 0.000010 0.094578 0.000010 0.000010 0.000010 0.000010 0.000010 0.000010 0.000010 0.698224
0.210615 0.006239 0.002043 0.000011 0.050724 0.000010 0.000010 0.003578 0.014479 0.000010 0.000010 0.000010 0.712262
0.259375 0.000010 0.027619 0.000010 0.010998 0.000010 0.000010 0.005105 0.000010 0.000010 0.000010 0.000010 0.696823
0.213103 0.005694 0.001053 0.000010 0.097089 0.000010 0.007187 0.000404 0.000010 0.000010 0.000010 0.011479 0.663942
0.239789 0.013654 0.000010 0.000010 0.062489 0.000010 0.000010 0.000010 0.000010 0.000010 0.000010 0.004730 0.679259
0.214224 0.000010 0.000043 0.000010 0.066339 0.000010 0.000012 0.001382 0.005840 0.000010 0.004689 0.000010 0.707422
0.210369 0.004607 0.000010 0.000010 0.036166 0.017752 0.000010 0.000010 0.000010 0.000010 0.003824 0.000010 0.727211
0.219680 0.005860 0.032519 0.000010 0.063056 0.009793 0.000010 0.000010 0.001249 0.000010 0.000010 0.011218 0.656576
0.197580 0.017960 0.000010 0.000010 0.072220 0.000010 0.000010 0.000010 0.000010 0.002829 0.000010 0.002207 0.707134
0.223338 0.000589 0.010086 0.000010 0.082695 0.001718 0.000010 0.001329 0.000010 0.000010 0.002714 0.000010 0.677481
0.239776 0.000010 0.000010 0.000010 0.055943 0.000010 0.000010 0.000010 0.000010 0.000010 0.000010 0.012544 0.691647
0.235256 0.011309 0.000010 0.000010 0.045685 0.000010 0.000010 0.001690 0.000010 0.002352 0.000010 0.014058 0.689591
0.227487 0.000010 0.012102 0.000010 0.036196 0.016419 0.000010 0.000010 0.000010 0.000010 0.000198 0.019294 0.688244
0.197357 0.013152 0.000010 0.000010 0.084090 0.000010 0.000010 0.011931 0.000010 0.000010 0.000010 0.000010 0.693390
0.208982 0.009296 0.000689 0.000010 0.066435 0.000010 0.000010 0.011380 0.000010 0.014715 0.010906 0.000494 0.677063
0.227417 0.009859 0.000010 0.000010 0.081042 0.005840 0.000010 0.000010 0.000010 0.000010 0.000010 0.000010 0.675761
0.215943 0.007014 0.008305 0.000010 0.081238 0.000010 0.000010 0.006456 0.000010 0.000010 0.000010 0.000010 0.680974
0.000010 0.000010 0.000010 0.000010 0.078455 0.000010 0.000010 0.000010 0.000010 0.107309 0.000010 0.000010 0.814136
0.019579 0.000010 0.000010 0.000010 0.052512 0.008315 0.000010 0.002257 0.000010 0.092561 0.000010 0.000010 0.824706
0.042007 0.007432 0.000010 0.000010 0.086552 0.000010 0.000010 0.000081 0.000010 0.051037 0.003166 0.010206 0.799468
0.012817 0.000010 0.000010 0.000113 0.042430 0.000010 0.000010 0.000010 0.013337 0.107734 0.000010 0.000010 0.823499
0.000661 0.000010 0.000010 0.000209 0.090047 0.000010 0.010563 0.000010 0.000010 0.096393 0.000010 0.006608 0.795460
0.006052 0.009590 0.005786 0.000010 0.070895 0.000010 0.007698 0.000010 0.000010 0.080593 0.000010 0.003912 0.815425
0.028000 0.000010 0.000010 0.001980 0.068072 0.000010 0.000010 0.000010 0.000010 0.093028 0.000010 0.002934 0.805916
0.016132 0.000010 0.000010 0.000010 0.074755 0.000010 0.000010 0.000010 0.000010 0.112263 0.000010 0.000010 0.796760
0.154899 0.000010 0.000010 0.000010 0.107439 0.000010 0.010393 0.000010 0.003364 0.074554 0.000010 0.000010 0.649281
0.000010 0.000010 0.000010 0.000010 0.098159 0.000010 0.000010 0.015301 0.003865 0.100902 0.000010 0.000010 0.781694
0.000010 0.005095 0.000010 0.000010 0.096491 0.000010 0.000010 0.000010 0.002342 0.096998 0.000010 0.009801 0.789204
0.000010 0.000010 0.000010 0.000010 0.095533 0.000010 0.000010 0.000010 0.012625 0.096829 0.000010 0.000010 0.794922
0.021177 0.009356 0.000010 0.000010 0.060118 0.000010 0.009375 0.005342 0.000010 0.102702 0.000010 0.000010 0.791871
0.016050 0.000010 0.000010 0.000010 0.070763 0.000010 0.000010 0.000010 0.000010 0.122238 0.000010 0.007311 0.783557
0.013860 0.002642 0.000010 0.000010 0.062267 0.000010 0.008994 0.000010 0.000010 0.080300 0.000010 0.000010 0.831867
0.042775 0.008150 0.000010 0.000010 0.046344 0.000010 0.002224 0.000010 0.000010 0.094927 0.011382 0.008940 0.785207
0.052736 0.000010 0.000010 0.012609 0.093481 0.000010 0.000010 0.000010 0.000010 0.075487 0.000010 0.000010 0.765608
0.218553 0.000010 0.000010 0.000010 0.093204 0.000010 0.000010 0.026279 0.000010 0.000010 0.000273 0.000551 0.661069
0.218452 0.009379 0.009664 0.000010 0.097902 0.000010 0.000010 0.001805 0.000010 0.000010 0.000010 0.001534 0.661202
0.237001 0.000010 0.000010 0.000010 0.064954 0.000010 0.000010 0.000010 0.011591 0.000010 0.000010 0.004383 0.681992
0.212016 0.010911 0.022128 0.000010 0.076626 0.000010 0.000010 0.000010 0.000010 0.000010 0.000010 0.003198 0.675051
0.231771 0.000010 0.009991 0.000010 0.088259 0.000010 0.001501 0.002230 0.000010 0.000010 0.010233 0.000010 0.655955
0.233919 0.000010 0.000010 0.000010 0.063083 0.000010 0.000010 0.000010 0.014024 0.006118 0.000010 0.000010 0.682775
0.227177 0.002043 0.000010 0.000010 0.078690 0.000010 0.000010 0.011730 0.000010 0.000010 0.000010 0.003583 0.676707
0.242483 0.001747 0.020796 0.000010 0.073402 0.000014 0.000010 0.000010 0.000010 0.000010 0.000010 0.012556 0.648941
0.211373 0.004175 0.000010 0.011902 0.046182 0.000010 0.002806 0.000010 0.004321 0.000010 0.008523 0.001532 0.709146
0.205843 0.000013 0.000010 0.000010 0.078527 0.000010 0.000010 0.003853 0.000010 0.000010 0.000010 0.000683 0.711012
0.229101 0.007409 0.008626 0.000010 0.086379 0.000010 0.000010 0.015694 0.000010 0.000010 0.000010 0.000010 0.652721
0.217677 0.000010 0.000010 0.000010 0.086377 0.002719 0.000010 0.000010 0.001779 0.000010 0.000010 0.019813 0.671565
0.254572 0.010125 0.000010 0.000010 0.088631 0.000010 0.000010 0.000010 0.000010 0.000010 0.000010 0.010749 0.635844
0.242133 0.000010 0.002438 0.000010 0.067186 0.000010 0.000010 0.000010 0.002695 0.004279 0.000010 0.004452 0.676758
0.213945 0.017720 0.000010 0.000010 0.070758 0.000010 0.000010 0.000010 0.000010 0.009552 0.000010 0.000010 0.687945
0.213936 0.002855 0.000010 0.001201 0.037902 0.005479 0.000010 0.010740 0.000010 0.004486 0.007388 0.002499 0.713483
0.270094 0.000010 0.000010 0.000010 0.090533 0.000010 0.000010 0.004476 0.000010 0.000010 0.005999 0.000010 0.628817
0.230630 0.000349 0.002180 0.000010 0.087341 0.000010 0.000010 0.000010 0.000010 0.008268 0.000010 0.014876 0.656297
0.238050 0.001465 0.006813 0.002279 0.057308 0.005746 0.000010 0.000010 0.001406 0.000010 0.000010 0.005781 0.681111
0.247499 0.004724 0.004544 0.010383 0.040358 0.000010 0.000010 0.000799 0.000541 0.000010 0.000010 0.003406 0.687705
0.242428 0.012224 0.000010 0.004488 0.064876 0.001341 0.000010 0.006277 0.002475 0.000010 0.000010 0.000010 0.665841
0.207360 0.000054 0.000010 0.000010 0.089871 0.000010 0.000010 0.001875 0.007262 0.000377 0.000010 0.000010 0.693141
0.203249 0.004016 0.011647 0.004024 0.041085 0.000010 0.000010 0.003145 0.001404 0.000010 0.000010 0.000010 0.731379
0.232622 0.000010 0.009225 0.000465 0.081129 0.000010 0.000010 0.000010 0.000010 0.000393 0.000010 0.009791 0.666316
0.242045 0.001022 0.000010 0.000010 0.038761 0.008717 0.000010 0.000010 0.000010 0.000010 0.000010 0.000273 0.709112
0.203566 0.000010 0.000010 0.000010 0.089187 0.000010 0.000010 0.005497 0.000010 0.000010 0.000010 0.002468 0.699202
0.201175 0.008430 0.000010 0.000010 0.075415 0.000010 0.000010 0.000010 0.000010 0.015561 0.000010 0.000010 0.699339
0.246251 0.005664 0.000010 0.000010 0.054361 0.000010 0.000010 0.000010 0.000010 0.007066 0.000010 0.004561 0.682027
0.262884 0.000010 0.009446 0.000010 0.065829 0.000010 0.000010 0.000010 0.000010 0.000010 0.000010 0.005997 0.655763
0.216625 0.013284 0.017653 0.000010 0.060017 0.002670 0.000010 0.000010 0.000010 0.000010 0.000010 0.000010 0.689682
0.226885 0.004772 0.000010 0.000010 0.047750 0.000010 0.000010 0.010574 0.006170 0.000010 0.000010 0.000010 0.703778
0.201252 0.000010 0.009957 0.000010 0.030962 0.006431 0.000010 0.010805 0.000010 0.003424 0.000010 0.000010 0.737110
0.031802 0.003272 0.000010 0.000010 0.063882 0.000010 0.009982 0.000010 0.011228 0.087156 0.000010 0.007330 0.785298
0.000010 0.008540 0.000010 0.000010 0.069541 0.000010 0.000010 0.000010 0.000010 0.100375 0.000010 0.005318 0.816147
0.007663 0.000010 0.000010 0.000010 0.078991 0.000010 0.001715 0.012858 0.000010 0.074056 0.000010 0.000010 0.824648
0.000010 0.011444 0.000010 0.000010 0.082627 0.004698 0.000010 0.000010 0.000037 0.066619 0.000010 0.005153 0.829361
0.042120 0.013545 0.000010 0.000806 0.056403 0.000010 0.000010 0.000010 0.000010 0.070220 0.000010 0.000532 0.816314
0.000010 0.000010 0.000010 0.000010 0.053339 0.000010 0.003826 0.000010 0.000010 0.132613 0.000010 0.005708 0.804434
0.000010 0.000964 0.000010 0.000010 0.103878 0.000010 0.000010 0.000010 0.000010 0.113560 0.000010 0.000010 0.781508
0.067714 0.002921 0.000306 0.000010 0.023421 0.019144 0.000010 0.008127 0.000081 0.072549 0.000010 0.000010 0.805698
0.048378 0.000010 0.000010 0.000010 0.069865 0.015971 0.000010 0.004899 0.000010 0.069513 0.000010 0.000010 0.791304
0.051753 0.005367 0.000010 0.000010 0.099236 0.006315 0.000010 0.000010 0.000454 0.050648 0.000010 0.000010 0.786166
0.000010 0.014459 0.000010 0.003343 0.069326 0.000010 0.000010 0.006815 0.012021 0.076645 0.000010 0.013660 0.803680
0.039283 0.002688 0.000010 0.000010 0.088071 0.000010 0.000010 0.008142 0.010035 0.057517 0.000010 0.008992 0.785223
0.013483 0.000010 0.000010 0.000010 0.088985 0.000010 0.004573 0.000010 0.000010 0.086369 0.000010 0.010546 0.795974
0.000010 0.009621 0.000010 0.000010 0.050352 0.000010 0.000010 0.000010 0.000010 0.112396 0.000010 0.000010 0.827540
0.000010 0.003951 0.000010 0.000010 0.100335 0.000010 0.000010 0.011394 0.000010 0.082581 0.000010 0.000010 0.801659
0.005837 0.001943 0.000010 0.000010 0.086635 0.009313 0.000010 0.000010 0.000010 0.087786 0.002843 0.004935 0.800658
0.002600 0.004639 0.000010 0.014505 0.076715 0.000010 0.000010 0.000010 0.009688 0.061016 0.000010 0.015051 0.815735
0.000010 0.000010 0.000010 0.000010 0.065172 0.000010 0.000010 0.000010 0.000010 0.099080 0.000010 0.000010 0.835647
0.000010 0.003677 0.000010 0.000010 0.095009 0.000010 0.000010 0.000010 0.002519 0.098286 0.000010 0.000010 0.800429
0.000010 0.000010 0.005375 0.000010 0.061487 0.000010 0.000010 0.000010 0.000010 0.115931 0.000010 0.000010 0.817117
0.005636 0.005668 0.000010 0.000010 0.117832 0.012064 0.000010 0.000010 0.000010 0.085803 0.000010 0.000010 0.772926
0.000010 0.004842 0.000010 0.000010 0.084497 0.000010 0.000010 0.000010 0.000010 0.112977 0.000010 0.000010 0.797593
0.000010 0.000010 0.000010 0.000010 0.058601 0.000010 0.010615 0.000010 0.000010 0.082414 0.000010 0.004950 0.843341
0.019248 0.000010 0.000010 0.000010 0.076493 0.000010 0.012217 0.000010 0.000010 0.095512 0.000010 0.002701 0.793759
0.020811 0.000010 0.000010 0.000010 0.111757 0.009727 0.000010 0.000010 0.000010 0.091557 0.000010 0.000010 0.766068
0.005496 0.000010 0.000010 0.000010 0.106968 0.012814 0.000010 0.001018 0.000010 0.077850 0.000010 0.004064 0.791729
0.026857 0.000010 0.000010 0.000010 0.048041 0.000010 0.000010 0.003126 0.005710 0.077516 0.000010 0.000010 0.838680
0.078679 0.000010 0.000010 0.006447 0.072716 0.000010 0.000010 0.000010 0.000010 0.057210 0.000010 0.004866 0.780013
0.042749 0.005823 0.001649 0.004268 0.072317 0.000010 0.003663 0.010151 0.000010 0.088527 0.000010 0.000010 0.770813
0.000010 0.001996 0.000010 0.000010 0.107841 0.000010 0.000010 0.000010 0.000010 0.097637 0.000010 0.000010 0.792436
0.041683 0.003010 0.000010 0.010041 0.082940 0.000010 0.000010 0.004503 0.000010 0.088275 0.000010 0.000010 0.769488
0.014358 0.000010 0.000010 0.000010 0.106312 0.000010 0.000010 0.000010 0.000010 0.082299 0.000010 0.001540 0.795412
0.000010 0.000559 0.000010 0.000010 0.069840 0.000010 0.010849 0.000010 0.000372 0.095081 0.000010 0.007593 0.815646
0.052047 0.000010 0.000010 0.000010 0.074308 0.000010 0.000010 0.003358 0.000010 0.104360 0.000010 0.000010 0.765848
0.009578 0.006106 0.009121 0.000010 0.052718 0.000010 0.000010 0.000010 0.000010 0.086194 0.000010 0.006030 0.830193
0.000010 0.014471 0.000010 0.000010 0.070617 0.000010 0.000010 0.003531 0.023237 0.092117 0.000010 0.000010 0.795958
0.000010 0.000010 0.000010 0.005628 0.027659 0.000010 0.000010 0.000010 0.001653 0.102291 0.000010 0.001530 0.861170
0.000010 0.000672 0.000010 0.000010 0.052798 0.000010 0.000010 0.013281 0.000010 0.117631 0.000010 0.004263 0.811285
0.000010 0.000010 0.000010 0.000010 0.074750 0.000010 0.000010 0.015825 0.000010 0.109778 0.000010 0.000010 0.799557
0.030210 0.000010 0.015650 0.000010 0.059393 0.000010 0.000010 0.000010 0.002187 0.098323 0.000010 0.000010 0.794167
0.032007 0.000010 0.000010 0.002889 0.049552 0.000010 0.009621 0.000010 0.000010 0.072714 0.000010 0.006746 0.826410
0.062647 0.000010 0.000010 0.000010 0.081574 0.000010 0.002185 0.009779 0.000010 0.057052 0.000010 0.007670 0.779032
0.033845 0.001479 0.006121 0.000010 0.071557 0.000010 0.000479 0.000010 0.000010 0.091633 0.000010 0.000010 0.794826
0.035769 0.000010 0.000010 0.000010 0.082140 0.000010 0.000010 0.001089 0.003414 0.083522 0.000010 0.000010 0.793997
0.050473 0.003341 0.002319 0.000010 0.108458 0.000010 0.004783 0.000010 0.000010 0.079431 0.000010 0.011336 0.739809
0.047208 0.000010 0.000010 0.000010 0.063910 0.000010 0.000010 0.000342 0.000010 0.068617 0.000010 0.010447 0.809406
0.051431 0.000010 0.000010 0.000010 0.053393 0.000010 0.000010 0.006881 0.000010 0.082771 0.000010 0.000010 0.805444
0.028822 0.000010 0.000010 0.000010 0.057545 0.000010 0.003724 0.000010 0.006568 0.097936 0.000010 0.007560 0.797784
0.054377 0.000010 0.000010 0.000010 0.063905 0.000010 0.000010 0.000815 0.000010 0.054132 0.000010 0.009389 0.817312
0.000010 0.000010 0.000010 0.000010 0.075537 0.000010 0.000010 0.000010 0.005822 0.072571 0.000010 0.000010 0.845979
0.026505 0.000905 0.000010 0.000010 0.093309 0.000010 0.000010 0.000010 0.000010 0.091490 0.000010 0.000010 0.787712
0.113033 0.009233 0.000010 0.009945 0.132661 0.000010 0.000010 0.003849 0.002008 0.055371 0.000010 0.000010 0.673848
0.013764 0.011710 0.000010 0.000010 0.034077 0.015872 0.000010 0.000010 0.000010 0.094667 0.000010 0.000010 0.829841
0.000010 0.003080 0.000010 0.011950 0.045845 0.000010 0.000010 0.015349 0.000010 0.082952 0.000010 0.000010 0.840754
0.096955 0.008814 0.000010 0.000010 0.053118 0.000010 0.000010 0.000010 0.000010 0.071718 0.001505 0.012394 0.755436
0.010791 0.008145 0.000010 0.002507 0.040608 0.000010 0.000010 0.000010 0.000010 0.089940 0.000010 0.002820 0.845129
0.026731 0.002739 0.000010 0.000010 0.051205 0.000010 0.000010 0.018154 0.004017 0.067282 0.000010 0.000010 0.829812
0.000010 0.001945 0.000010 0.000010 0.056953 0.000010 0.000010 0.000010 0.000010 0.109667 0.000010 0.000010 0.831345
0.078937 0.001039 0.000010 0.000010 0.084262 0.000010 0.008036 0.000010 0.000010 0.042685 0.000010 0.000010 0.784971
0.022318 0.002451 0.000010 0.000010 0.076036 0.003669 0.004841 0.000010 0.002704 0.069042 0.000010 0.015319 0.803580
0.014000 0.001631 0.000010 0.000010 0.058269 0.007326 0.000010 0.000010 0.000010 0.107481 0.000010 0.000010 0.811221
0.035499 0.000010 0.000010 0.000010 0.075498 0.000010 0.000010 0.000010 0.000010 0.080761 0.000010 0.000010 0.808152
0.010756 0.000010 0.000010 0.008282 0.088063 0.000010 0.000010 0.000010 0.000010 0.113707 0.000010 0.000010 0.779112
0.019065 0.004251 0.000010 0.000010 0.071352 0.000010 0.002116 0.003815 0.000010 0.074321 0.000010 0.001633 0.823397
0.000010 0.000010 0.000010 0.000010 0.057255 0.000010 0.000010 0.004362 0.003719 0.104434 0.000010 0.000010 0.830151
0.037738 0.007211 0.000010 0.000010 0.085353 0.000010 0.004935 0.000010 0.000010 0.080111 0.000010 0.001162 0.783430
0.031407 0.000010 0.000010 0.003352 0.085042 0.000010 0.000010 0.000010 0.000010 0.082883 0.000010 0.003965 0.793282
0.000010 0.004227 0.000623 0.000010 0.082781 0.000010 0.000010 0.000010 0.010006 0.101797 0.000010 0.000010 0.800496
0.014341 0.002171 0.002200 0.002318 0.070893 0.000010 0.000010 0.002959 0.000010 0.083971 0.000010 0.000010 0.821098
0.006166 0.000010 0.000010 0.008795 0.105575 0.000010 0.000010 0.000010 0.000010 0.082896 0.000010 0.002886 0.793612
0.000010 0.000010 0.000010 0.000010 0.076880 0.000010 0.002328 0.021942 0.008975 0.082910 0.000010 0.000010 0.806895
0.007557 0.000010 0.000010 0.009003 0.098349 0.000010 0.000010 0.005540 0.000010 0.096531 0.000010 0.000010 0.782949
0.038197 0.000010 0.000010 0.000010 0.055340 0.000010 0.000010 0.002444 0.000010 0.120133 0.000010 0.000010 0.783806
0.000010 0.006893 0.000010 0.000010 0.079505 0.000010 0.000010 0.011599 0.000010 0.105438 0.000010 0.000010 0.796485
0.000010 0.000010 0.000010 0.000010 0.080808 0.000010 0.000010 0.000010 0.000010 0.108142 0.000010 0.011755 0.799205
0.047193 0.000121 0.000010 0.000010 0.094479 0.000010 0.000010 0.000010 0.000348 0.093584 0.000010 0.001311 0.762903
0.023495 0.000010 0.000010 0.000010 0.049033 0.000010 0.000010 0.000010 0.001177 0.095119 0.000012 0.000010 0.831095
0.000010 0.000010 0.000010 0.000010 0.072240 0.000010 0.000010 0.000010 0.009977 0.120232 0.000010 0.001554 0.795917
0.000010 0.000010 0.000010 0.000010 0.066244 0.000010 0.000010 0.000010 0.000029 0.116032 0.000010 0.000010 0.817604
0.071146 0.021690 0.000010 0.000010 0.072893 0.000010 0.000010 0.000010 0.000010 0.078322 0.000010 0.000010 0.755869
0.012983 0.000010 0.000010 0.000010 0.047761 0.066621 0.000010 0.005057 0.000010 0.125259 0.000010 0.035159 0.707099
0.000112 0.005000 0.000508 0.000010 0.058491 0.004074 0.000010 0.000010 0.009445 0.102277 0.000010 0.000010 0.820044
0.000010 0.003501 0.000010 0.002898 0.119961 0.014325 0.000010 0.000010 0.000010 0.044275 0.000010 0.009653 0.805327
0.083625 0.000010 0.000010 0.000010 0.096886 0.012968 0.000122 0.004686 0.000010 0.047293 0.000010 0.000010 0.754361
0.000010 0.000010 0.010602 0.007088 0.055998 0.000010 0.000010 0.000010 0.000010 0.078986 0.000010 0.000010 0.847246
0.000010 0.008820 0.000010 0.000717 0.058879 0.000010 0.000010 0.000010 0.000010 0.120562 0.000010 0.003499 0.807451
0.000010 0.005983 0.000010 0.012280 0.047386 0.000010 0.000010 0.000010 0.000010 0.093972 0.000010 0.000010 0.840299
0.007034 0.000010 0.020748 0.000010 0.075561 0.000010 0.005371 0.000010 0.000010 0.066273 0.000010 0.009730 0.815223
0.000010 0.000010 0.000010 0.000010 0.000010 0.544869 0.000010 0.000010 0.000010 0.044751 0.410280 0.000010 0.000010
0.000010 0.000010 0.000010 0.000010 0.000010 0.543468 0.000010 0.002057 0.000010 0.000010 0.444229 0.010156 0.000010
0.000010 0.000010 0.000010 0.000010 0.000010 0.578361 0.000010 0.000010 0.001872 0.033153 0.386525 0.000010 0.000010
0.000010 0.000010 0.000010 0.000010 0.000010 0.618444 0.000010 0.000010 0.000010 0.000010 0.381446 0.000010 0.000010
0.000010 0.006895 0.000010 0.000010 0.000010 0.556076 0.000016 0.001570 0.000010 0.025386 0.404271 0.005726 0.000010
0.000010 0.001450 0.000010 0.000010 0.000010 0.574174 0.000010 0.000014 0.000010 0.069311 0.354971 0.000010 0.000010
0.000010 0.000010 0.000010 0.000010 0.000010 0.581403 0.000010 0.000010 0.000010 0.002377 0.416121 0.000010 0.000010
0.000010 0.000010 0.002772 0.000010 0.000010 0.543976 0.000010 0.000010 0.000010 0.053569 0.399593 0.000010 0.000010
0.000010 0.000010 0.000010 0.000010 0.000010 0.599989 0.000010 0.000010 0.000010 0.000010 0.396558 0.003353 0.000010
0.000010 0.000010 0.000010 0.000010 0.000010 0.587971 0.000010 0.000010 0.000010 0.020585 0.391345 0.000010 0.000010
0.000010 0.000010 0.000010 0.000010 0.000010 0.593603 0.000010 0.000010 0.003595 0.037493 0.365219 0.000010 0.000010
0.000010 0.000010 0.000010 0.000010 0.000010 0.574157 0.000010 0.000010 0.000010 0.000010 0.425733 0.000010 0.000010
0.000010 0.000010 0.000010 0.000010 0.000010 0.624937 0.000010 0.000010 0.000010 0.011666 0.363297 0.000010 0.000010
0.000010 0.000010 0.005690 0.000010 0.000010 0.552592 0.000010 0.000010 0.000010 0.018664 0.415110 0.007864 0.000010
0.000010 0.008721 0.000010 0.000010 0.000010 0.535887 0.000010 0.000010 0.000010 0.000010 0.455292 0.000010 0.000010
0.000010 0.000010 0.000010 0.000010 0.000010 0.542596 0.000010 0.000010 0.000010 0.023591 0.428331 0.005392 0.000010
0.000010 0.000019 0.000010 0.000014 0.000010 0.608404 0.000010 0.003459 0.000010 0.065418 0.322616 0.000010 0.000010
0.000010 0.000656 0.000010 0.000010 0.000010 0.575296 0.000010 0.000010 0.000010 0.027090 0.396869 0.000010 0.000010
0.000010 0.000017 0.000010 0.000010 0.000010 0.535265 0.000010 0.000010 0.000010 0.009046 0.455581 0.000010 0.000010
0.000010 0.000928 0.000010 0.000010 0.000010 0.577699 0.000010 0.000010 0.000010 0.046849 0.374435 0.000010 0.000010
0.000010 0.000010 0.000010 0.000010 0.000010 0.593165 0.000010 0.000010 0.000010 0.038634 0.367675 0.000436 0.000010
0.000010 0.000010 0.000010 0.000010 0.000010 0.534561 0.000010 0.000010 0.000010 0.043371 0.416678 0.005301 0.000010
0.000010 0.000295 0.000010 0.000010 0.000010 0.577468 0.000010 0.004983 0.000010 0.000010 0.411677 0.005497 0.000010
0.000010 0.000010 0.000010 0.000010 0.000010 0.590813 0.000010 0.000010 0.000010 0.011556 0.395214 0.002327 0.000010
0.000010 0.000010 0.000010 0.000010 0.000010 0.530883 0.000010 0.000010 0.000010 0.036246 0.432771 0.000010 0.000010
0.000010 0.000010 0.000010 0.000010 0.000010 0.603556 0.000010 0.000010 0.000010 0.037828 0.358517 0.000010 0.000010
0.000010 0.000010 0.000010 0.000010 0.000010 0.525306 0.000010 0.000010 0.000010 0.042547 0.432047 0.000010 0.000010
0.000010 0.004247 0.000010 0.000011 0.000010 0.587161 0.000010 0.000010 0.000010 0.045465 0.353383 0.009664 0.000010
0.000010 0.000010 0.000010 0.000014 0.000010 0.558034 0.000010 0.000010 0.000010 0.053767 0.386828 0.001277 0.000010
0.000010 0.006347 0.000010 0.000010 0.000010 0.573749 0.000010 0.006811 0.000010 0.059664 0.353348 0.000010 0.000010
0.000010 0.000010 0.000010 0.000010 0.000010 0.489325 0.000010 0.000010 0.000010 0.041647 0.468927 0.000010 0.000010
0.000010 0.000010 0.000010 0.000010 0.000010 0.584577 0.000010 0.000010 0.000010 0.038884 0.376440 0.000010 0.000010
0.000010 0.003523 0.000010 0.000010 0.000010 0.605518 0.000010 0.000010 0.000010 0.031982 0.358887 0.000010 0.000010
0.000010 0.000457 0.000010 0.000010 0.000010 0.515347 0.000010 0.007410 0.000010 0.078473 0.398234 0.000010 0.000010
0.000010 0.000642 0.000010 0.000010 0.000010 0.553932 0.000010 0.000019 0.000010 0.054465 0.388691 0.002181 0.000010
0.000010 0.000010 0.000010 0.003804 0.000010 0.586579 0.000010 0.000010 0.000010 0.019335 0.390192 0.000010 0.000010
0.000010 0.001983 0.000010 0.000010 0.000010 0.538717 0.000010 0.008038 0.000010 0.037973 0.413209 0.000010 0.000010
0.000010 0.000010 0.000010 0.000010 0.005785 0.535980 0.000010 0.000010 0.000010 0.026360 0.431784 0.000010 0.000010
0.000010 0.000010 0.000010 0.000010 0.000010 0.607856 0.000010 0.000010 0.000010 0.023626 0.364724 0.003704 0.000010
0.000010 0.000286 0.000010 0.000010 0.000010 0.585914 0.000010 0.000010 0.000010 0.000010 0.413699 0.000010 0.000010
0.000010 0.000010 0.000010 0.000010 0.000010 0.546351 0.000010 0.001205 0.000010 0.037344 0.415010 0.000010 0.000010
0.000010 0.000010 0.000010 0.000010 0.000010 0.592794 0.000010 0.000014 0.000010 0.017699 0.382294 0.007119 0.000010
0.341828 0.000010 0.004915 0.079918 0.014093 0.000010 0.000010 0.075690 0.000997 0.020054 0.000546 0.054454 0.407474
0.299294 0.000733 0.041723 0.037603 0.036717 0.000010 0.117644 0.159012 0.012102 0.000010 0.000010 0.054688 0.240452
0.321230 0.012641 0.023993 0.010371 0.032376 0.000010 0.053694 0.132801 0.016492 0.000010 0.000010 0.010025 0.386348
0.000010 0.000010 0.000010 0.000010 0.000010 0.539309 0.000010 0.000010 0.000010 0.027895 0.427422 0.005283 0.000010
0.000010 0.000010 0.000010 0.000010 0.000010 0.547335 0.000010 0.000010 0.000010 0.049826 0.394211 0.008538 0.000010
0.000010 0.000010 0.000010 0.000010 0.000010 0.433040 0.000010 0.006118 0.000010 0.000010 0.560743 0.000010 0.000010
0.000015 0.008774 0.000010 0.000010 0.000010 0.547210 0.000010 0.000010 0.000010 0.015547 0.428374 0.000010 0.000010
0.000010 0.000010 0.000010 0.000010 0.000010 0.521589 0.000010 0.000010 0.000010 0.000010 0.475116 0.003195 0.000010
0.000010 0.000010 0.000010 0.000010 0.000010 0.551272 0.000010 0.000010 0.000010 0.004348 0.426951 0.017338 0.000010
0.000010 0.000010 0.000010 0.000010 0.000010 0.534603 0.000010 0.003384 0.000010 0.016248 0.445667 0.000019 0.000010
0.000010 0.000644 0.000010 0.000010 0.000010 0.505226 0.000010 0.000010 0.000010 0.003150 0.490890 0.000010 0.000010
0.000010 0.004612 0.000010 0.000010 0.000010 0.646621 0.000010 0.000010 0.000010 0.000010 0.348667 0.000010 0.000010
0.000010 0.000010 0.000010 0.000010 0.000010 0.525844 0.000010 0.000010 0.000010 0.017014 0.457033 0.000019 0.000010
0.000010 0.000010 0.000010 0.000010 0.000010 0.507314 0.000010 0.000010 0.000010 0.024867 0.463265 0.004465 0.000010
0.000010 0.000010 0.019454 0.000010 0.000010 0.561294 0.000010 0.000010 0.000010 0.044393 0.372305 0.002474 0.000010
0.000010 0.000010 0.000010 0.000010 0.011225 0.374867 0.000010 0.000450 0.000010 0.076633 0.529485 0.005773 0.001505
0.000010 0.000010 0.000010 0.000010 0.000010 0.526374 0.000010 0.000010 0.000010 0.035332 0.438194 0.000010 0.000010
0.000010 0.000010 0.000010 0.000010 0.000010 0.536296 0.000010 0.000010 0.000010 0.008771 0.454833 0.000010 0.000010
0.000010 0.000010 0.000010 0.000010 0.000010 0.565677 0.000010 0.000010 0.000010 0.000010 0.431873 0.002350 0.000010
0.000010 0.000010 0.000016 0.000010 0.000010 0.554580 0.000010 0.000010 0.000010 0.008261 0.437053 0.000010 0.000010
0.000010 0.000010 0.000010 0.000010 0.000010 0.492551 0.000010 0.000010 0.000010 0.015338 0.492011 0.000010 0.000010
0.000010 0.001991 0.000010 0.000010 0.000010 0.511509 0.000010 0.000017 0.000010 0.012627 0.473776 0.000010 0.000010
0.000010 0.000010 0.000010 0.000010 0.000010 0.581619 0.000010 0.000010 0.000010 0.020470 0.397811 0.000010 0.000010
0.000010 0.000240 0.000019 0.000010 0.000010 0.491109 0.000010 0.000010 0.000010 0.025994 0.478544 0.004024 0.000010
0.000010 0.000010 0.000010 0.000010 0.000010 0.535146 0.000010 0.000010 0.000010 0.040671 0.424083 0.000010 0.000010
0.000010 0.000017 0.000010 0.000010 0.000010 0.544975 0.000010 0.000010 0.000010 0.034306 0.420611 0.000010 0.000010
0.000010 0.000010 0.000010 0.000010 0.000010 0.557847 0.000010 0.000010 0.000010 0.016129 0.425924 0.000010 0.000010
0.000010 0.000010 0.000010 0.000010 0.000010 0.552117 0.000010 0.000010 0.000010 0.000010 0.446138 0.001645 0.000010
0.000010 0.000010 0.000010 0.000010 0.000010 0.584514 0.000010 0.000010 0.000010 0.028348 0.387038 0.000010 0.000010
0.000010 0.002956 0.000010 0.000010 0.000010 0.578183 0.000010 0.003620 0.000010 0.034175 0.379864 0.001132 0.000010
0.000010 0.000010 0.000018 0.000010 0.000010 0.606602 0.000010 0.000010 0.000010 0.031429 0.361861 0.000010 0.000010
0.000010 0.013940 0.001100 0.000010 0.000010 0.600850 0.000010 0.000010 0.000010 0.039270 0.344760 0.000010 0.000010
0.000010 0.000010 0.000010 0.000010 0.000010 0.582292 0.000010 0.000010 0.000010 0.000010 0.417598 0.000010 0.000010
0.000010 0.004970 0.000010 0.000010 0.000010 0.544435 0.000010 0.000010 0.000010 0.082312 0.368193 0.000010 0.000010
0.000011 0.000010 0.000010 0.000012 0.000010 0.550634 0.000010 0.000010 0.000010 0.036193 0.413070 0.000010 0.000010
0.000010 0.000010 0.000010 0.000010 0.000010 0.516662 0.000010 0.000010 0.000010 0.045453 0.437785 0.000010 0.000010
0.000010 0.005557 0.000010 0.000010 0.000010 0.563026 0.000010 0.000010 0.000010 0.004378 0.426949 0.000010 0.000010
0.000010 0.000010 0.000010 0.000010 0.000010 0.584283 0.000010 0.000010 0.000010 0.000010 0.415607 0.000010 0.000010
0.299330 0.010065 0.023359 0.110116 0.000010 0.000010 0.046013 0.069641 0.008287 0.000010 0.013423 0.060576 0.359160
0.298620 0.012716 0.007364 0.086527 0.020409 0.000010 0.059027 0.139988 0.012163 0.000010 0.000010 0.038149 0.325007
0.373816 0.016246 0.003581 0.048716 0.005698 0.000010 0.003654 0.084001 0.011037 0.000010 0.002870 0.020468 0.429893
0.349321 0.000010 0.011361 0.049225 0.000010 0.000010 0.028922 0.101278 0.000010 0.000010 0.014273 0.060258 0.385313
0.000010 0.000010 0.000010 0.000010 0.000010 0.736110 0.000010 0.000010 0.000010 0.006946 0.256051 0.000802 0.000010
0.000010 0.000010 0.000010 0.000010 0.000010 0.676836 0.000010 0.006529 0.000010 0.000010 0.312566 0.003979 0.000010
0.000010 0.000010 0.000010 0.000010 0.000010 0.696182 0.000010 0.000010 0.000707 0.000010 0.303012 0.000010 0.000010
0.000010 0.000010 0.000010 0.000010 0.000010 0.639449 0.000010 0.000010 0.000010 0.000010 0.360441 0.000010 0.000010
0.000010 0.014087 0.000010 0.000010 0.000010 0.664432 0.000010 0.000010 0.000010 0.000010 0.321381 0.000010 0.000010
0.000010 0.003009 0.000010 0.000010 0.000010 0.651123 0.000010 0.007282 0.000011 0.015601 0.322903 0.000010 0.000010
0.000010 0.000010 0.000010 0.000010 0.000010 0.687685 0.000010 0.002724 0.000010 0.009954 0.299547 0.000010 0.000010
0.000010 0.000010 0.000010 0.000010 0.000010 0.697392 0.000010 0.000010 0.000010 0.027002 0.265659 0.009857 0.000010
0.000010 0.004134 0.000010 0.000010 0.000010 0.657890 0.000010 0.000010 0.000010 0.000010 0.337876 0.000010 0.000010
0.000010 0.006427 0.000010 0.000010 0.000010 0.681864 0.000010 0.000010 0.000010 0.000010 0.305531 0.006087 0.000010
0.000010 0.000294 0.000010 0.000010 0.000010 0.678733 0.000010 0.000010 0.000010 0.024401 0.296481 0.000010 0.000010
0.000010 0.000010 0.000014 0.000010 0.000010 0.661410 0.000010 0.000010 0.000017 0.013704 0.324775 0.000010 0.000010
0.000010 0.006496 0.000010 0.000010 0.000013 0.703403 0.000010 0.000010 0.000010 0.018411 0.260490 0.011116 0.000010
0.000010 0.000010 0.000010 0.000010 0.000010 0.664463 0.000010 0.000010 0.000010 0.019340 0.311780 0.004327 0.000010
0.000010 0.000010 0.000010 0.000010 0.000010 0.624913 0.000010 0.000010 0.000010 0.006436 0.368552 0.000010 0.000010
0.000010 0.003008 0.000010 0.000010 0.000010 0.687916 0.000010 0.011454 0.000010 0.003082 0.294461 0.000010 0.000010
0.000010 0.005401 0.000010 0.000010 0.000010 0.662638 0.000010 0.012809 0.000010 0.000010 0.319061 0.000010 0.000010
0.000010 0.000010 0.000010 0.000010 0.005578 0.652518 0.000010 0.000010 0.000010 0.004302 0.335085 0.002437 0.000010
0.000010 0.000010 0.000010 0.000010 0.000010 0.682967 0.000010 0.000010 0.000010 0.000010 0.313832 0.003100 0.000010
0.000010 0.000010 0.000010 0.000010 0.000010 0.599707 0.000010 0.000010 0.000010 0.000017 0.392013 0.008173 0.000010
0.000014 0.000010 0.000010 0.000010 0.000010 0.636422 0.000010 0.000010 0.000010 0.029325 0.333620 0.000538 0.000010
0.000010 0.002318 0.000017 0.000012 0.000010 0.653405 0.000010 0.000010 0.000010 0.015245 0.328102 0.000842 0.000010
0.000010 0.003254 0.000010 0.000010 0.000010 0.700718 0.000010 0.000010 0.000010 0.006692 0.285951 0.003305 0.000010
0.000010 0.000983 0.000010 0.000010 0.000010 0.686983 0.000010 0.000010 0.000010 0.000010 0.311934 0.000010 0.000010
0.004579 0.000010 0.000010 0.000010 0.000010 0.667169 0.000010 0.000010 0.000010 0.011103 0.317058 0.000010 0.000010
0.000457 0.000010 0.000010 0.000010 0.000010 0.682485 0.000010 0.000010 0.000010 0.000224 0.308815 0.000010 0.007939
0.000010 0.000010 0.000845 0.000010 0.000010 0.707898 0.000010 0.000010 0.000010 0.027444 0.263723 0.000010 0.000010
0.000010 0.000010 0.000010 0.000010 0.000010 0.661218 0.000010 0.000010 0.000010 0.000010 0.331914 0.006767 0.000010
0.402514 0.008305 0.010100 0.021053 0.028232 0.000010 0.003341 0.056171 0.000010 0.006624 0.000010 0.034733 0.428895
0.340074 0.019919 0.005576 0.042163 0.056910 0.000010 0.013163 0.087467 0.000010 0.000010 0.000010 0.028224 0.406464
0.309212 0.000265 0.000010 0.081733 0.000010 0.000010 0.006868 0.112920 0.010290 0.035331 0.000010 0.089281 0.354059
0.322178 0.004541 0.021118 0.000010 0.000010 0.000010 0.050604 0.072337 0.000010 0.005277 0.000010 0.042917 0.480978
0.349406 0.008031 0.000010 0.054624 0.000010 0.000010 0.025358 0.079441 0.000010 0.001397 0.000010 0.043891 0.437802
0.289919 0.014405 0.000010 0.046028 0.042198 0.000010 0.000010 0.040900 0.000010 0.000010 0.000010 0.026205 0.540285
0.360483 0.006656 0.000393 0.049448 0.000010 0.000010 0.072925 0.115133 0.000979 0.000010 0.004639 0.038779 0.350537
0.357440 0.000010 0.000010 0.028387 0.036385 0.000010 0.043702 0.048304 0.000010 0.000010 0.000010 0.020960 0.464763
0.304626 0.011441 0.001897 0.081896 0.000010 0.000010 0.001575 0.157601 0.009674 0.000010 0.000010 0.082530 0.348721
0.000010 0.000562 0.006013 0.000010 0.000010 0.958830 0.000010 0.001223 0.000010 0.008702 0.024601 0.000010 0.000010
0.000010 0.011510 0.000010 0.000010 0.000010 0.964820 0.000010 0.000010 0.000010 0.000010 0.021682 0.001897 0.000010
0.000010 0.007691 0.000275 0.000010 0.000010 0.935420 0.000010 0.011824 0.000010 0.044710 0.000010 0.000010 0.000010
0.000010 0.002529 0.000010 0.000010 0.000010 0.969466 0.000010 0.000010 0.000010 0.000010 0.014200 0.013714 0.000010
0.000010 0.000010 0.023977 0.000010 0.001583 0.896968 0.000010 0.004221 0.000010 0.003671 0.060677 0.007189 0.001665
0.000010 0.015977 0.000010 0.000010 0.000010 0.936460 0.000010 0.012134 0.000445 0.000010 0.034905 0.000010 0.000010
0.000010 0.013266 0.000010 0.000010 0.000010 0.960972 0.000010 0.000010 0.000010 0.025662 0.000010 0.000010 0.000010
0.000010 0.022674 0.000010 0.000010 0.000010 0.950093 0.000010 0.007803 0.000010 0.000010 0.019340 0.000010 0.000010
